0.5830464848 0.2214995109
0.4807552772 0.7963672811
0.2417417484 0.7622781682
0.5698971974 0.2031128310
0.2813069146 0.7183470123
0.6128885463 0.7683735913
0.4296776230 0.6252118769
0.1516937695 0.6520535561
0.4528895223 0.5504413716
0.3240013597 0.6583048476
0.1621270787 0.4648083492
0.6077503840 0.4251247440
0.6186050204 0.5117272614
0.5755275017 0.6749153517
0.4208858221 0.3618365736
0.5148069949 0.5729749021
0.1571646849 0.1416332370
0.1020760586 0.1030029537
0.1141925137 0.6353474774
0.0066080050 0.2607333826
0.3280696777 0.7165919091
0.4604739031 0.6418266211
0.5727865805 0.5893056319
0.5927345232 0.6833167156
0.4925977989 0.2105981264
0.0531959095 0.1093403009
0.3679002067 0.7498715758
0.1454637477 0.6734503639
0.0445784423 0.3054884318
0.5788625193 0.5402982081
0.0183190004 0.5769203594
0.0065247339 0.2809679269
0.1675145980 0.0187991520
0.4853496000 0.0513931353
0.1933781337 0.8186764837
0.1911548626 0.6426320283
0.2836627473 0.8125619684
0.4892992590 0.0779833176
0.0329039061 0.3387835682
0.4860957690 0.0303604437
0.4481292764 0.2990803922
0.0024557795 0.3600270056
0.1501319575 0.6144803041
0.2793370386 0.7148815838
0.5779893964 0.2208229687
0.4635476611 0.2680010514
0.4250798160 0.3777000218
0.0154127023 0.6593979515
0.4885268478 0.5454396393
0.1309653483 0.8116385082
0.4601079893 0.5782728209
0.4312520732 0.0549997977
0.5661645516 0.6155170554
0.1004624471 0.2967998406
0.5510570971 0.4754254941
0.3313561273 0.8096189601
0.2843696421 0.6475002402
0.4661210588 0.0327139482
0.5392502324 0.2412463357
0.5908914520 0.7324204642
0.5990533636 0.0266001867
0.1698295825 0.7100570927
0.0359161504 0.5883923099
0.5006915944 0.5891607787
0.0630376668 0.1822892632
0.5410178381 0.0296901194
0.5870360426 0.8169631806
0.4864915180 0.2464725290
0.5897477915 0.5839527920
0.6123991311 0.5158511836
0.1474757971 0.8082410168
0.3996274676 0.6745492139
0.2066172341 0.4824224445
0.0394369364 0.0893037640
0.0415469354 0.1185283592
0.1782702526 0.4605042301
0.3408556197 0.6541644849
0.3540280560 0.8122419204
0.3678234947 0.7030603885
0.0253220665 0.8069133376
0.1447032269 0.0469538965
0.0471735119 0.7891584381
0.5218712661 0.1780608913
0.0347229261 0.4311568437
0.5226971149 0.2211891696
0.5124236964 0.7311732963
0.5243486818 0.8107302877
0.6065969081 0.3472926875
0.2854889805 0.6739819201
0.4704362014 0.0037307239
0.5256185025 0.1681345625
0.1540943979 0.3275159921
0.1390222471 0.3480673250
0.3405952338 0.8147881221
0.0777626985 0.4049729282
0.3363538709 0.7179313613
0.1283276326 0.4439819010
0.1255639611 0.2089221568
0.1589802286 0.1243779666
0.6048642286 0.2676729715
0.4330002519 0.6442503466
0.0690169238 0.5272729078
0.5402600267 0.0446930241
0.1890241240 0.6297170848
0.1446362137 0.7763498062
0.1061379001 0.7620381271
0.0721899334 0.0188913893
0.4533848873 0.4349679427
0.3207155849 0.6333319772
0.1663846336 0.6796099495
0.5404085808 0.3413072597
0.1220709344 0.3043488715
0.4998413314 0.6157266671
0.1424527341 0.5018301360
0.6241586248 0.3245729649
0.1701624041 0.3491693554
0.2061373275 0.1097064591
0.6051473838 0.4296215125
0.1225857607 0.7512759764
0.1575277409 0.8163163307
0.5676931386 0.4179474155
0.4859988750 0.2536221935
0.1308258688 0.3624098130
0.0519260111 0.0762974291
0.0955447652 0.1857948752
0.1063862891 0.2431961459
0.0844871690 0.6667834806
0.5342084475 0.3716569667
0.5602327991 0.7266998482
0.0348687148 0.0697203686
0.0244224371 0.4870882365
0.0934648359 0.3828343319
0.1414258356 0.7418530519
0.0991693256 0.5656681897
0.1040182250 0.3323263205
0.5405327218 0.0910269134
0.6188612933 0.1747884213
0.0132736472 0.2249469810
0.1410778351 0.4370135469
0.0910250907 0.7422800387
0.2134174538 0.6797874811
0.2065010772 0.4076621812
0.4365108565 0.7954106600
0.0640829801 0.3682846615
0.6142853547 0.4318566430
0.5773756231 0.2528689564
0.4263675753 0.4872121672
0.5224633995 0.5044935982
0.0034079415 0.6395709663
0.2214801145 0.8252351836
0.5190770745 0.2297850662
0.6003485611 0.2684727447
0.4677176040 0.0530385005
0.1370339492 0.4263137537
0.0501079917 0.6959804053
0.4750824280 0.7497117241
0.5710525347 0.4116650463
0.1017224111 0.8067910987
0.1920007772 0.2528121608
0.2032990143 0.3154608936
0.0790785174 0.3289671014
0.6047922587 0.8253837709
0.1218794831 0.6860648991
0.0697685858 0.1944616153
0.5289584371 0.6641322882
0.3321062122 0.7551340700
0.4294971554 0.2682953762
0.0249465198 0.5823715461
0.4596791245 0.1030809301
0.1332087477 0.7836905483
0.0197660602 0.1857281230
0.0353960771 0.1470338539
0.2008469374 0.6444475437
0.5258591573 0.5858767794
0.1754629358 0.0770195809
0.5354742600 0.0359971412
0.5475378875 0.5965468748
0.5435004852 0.5415060891
0.4250995818 0.2718491984
0.4462618457 0.6620766836
0.4364313672 0.4481881952
0.4256867306 0.3852592674
0.5640680063 0.7571270568
0.2077314918 0.1677842509
0.4768434862 0.5626536497
0.1468910776 0.5370355353
0.5236128210 0.5025801796
0.0934901619 0.0294604118
0.0319595944 0.3086959190
0.4808871966 0.6951660392
0.1112997776 0.1947061054
0.0250846263 0.0105592126
0.0608351307 0.2072251130
0.0673501438 0.0657966944
0.0774202664 0.7453087312
0.1770070022 0.1204860734
0.0876444379 0.1738817776
0.5382653161 0.0429365804
0.5320611196 0.8201919024
0.0883535323 0.4989232576
0.1588398314 0.3614299117
0.0427099699 0.6888566525
0.5712667080 0.1823191078
0.1375066443 0.4104449209
0.4862244333 0.6844507185
0.0513422250 0.2254331929
0.0825827634 0.5926553116
0.5124923881 0.2200960240
0.1913135077 0.0667898324
0.5092752619 0.0439250756
0.4472768222 0.5775028328
0.5735931283 0.3305936731
0.0770705001 0.6194477874
0.2811497849 0.6268088409
0.5188927628 0.7617123657
0.1401462049 0.2810424806
0.4781381768 0.5583309453
0.1034829229 0.8113220091
0.0052646760 0.4971000588
0.0007191326 0.0340180831
0.1817740822 0.5215408197
0.4409086382 0.3771567678
0.5377966807 0.5705627652
0.1021322075 0.7062931532
0.4652922591 0.3657673721
0.4824697602 0.4043776395
0.3110248916 0.7220934266
0.1763862739 0.6515977567
0.1391028635 0.0193248197
0.4786253811 0.5270138148
0.4974388968 0.6331449631
0.4784820709 0.3306111523
0.2028675566 0.8199767276
0.5703799227 0.3322675548
0.0453928258 0.3941606953
0.4663738102 0.3138100973
0.1613620659 0.7322698375
0.3252698745 0.7759555856
0.0497485959 0.3745548959
0.4367809406 0.2201431242
0.1049928290 0.3705146671
0.2787787110 0.8306423889
0.4393608073 0.3481037730
0.4581351117 0.2154136857
0.4366650677 0.4825377789
0.0245180638 0.7703095732
0.5719048165 0.7570081811
0.0972099959 0.2000960670
0.1959828693 0.1177080334
0.6182337526 0.0124664509
0.2037092274 0.4597711722
0.0410380731 0.7609384932
0.3370471421 0.8286886792
0.4122545053 0.8107930719
0.4299921345 0.0766534004
0.1472630964 0.6072794939
0.0326059534 0.1577597028
0.0525363488 0.5006027698
0.5928507802 0.4609216723
0.1545796667 0.5102563151
0.0165694603 0.6751489169
0.0291815484 0.4564305038
0.3102194062 0.6706425105
0.5229050770 0.6134669842
0.0869088280 0.1496246903
0.4376981632 0.3194988862
0.1386554847 0.7544987540
0.0765931671 0.6402108861
0.0945055140 0.3686934054
0.5667931608 0.4745964641
0.5795217546 0.6794442767
0.6083630763 0.0653893873
0.1585840794 0.5993270284
0.2901086708 0.7843405173
0.0696812907 0.5971484745
0.5768228245 0.1375225673
0.1955114052 0.0324038696
0.1462821306 0.1595578148
0.0934785078 0.6352550869
0.1384302863 0.7559570664
0.2990434895 0.6731789773
0.4817967235 0.6061224082
0.0047867062 0.0453563321
0.5113512412 0.2438779457
0.2147257567 0.7586115509
0.0684058287 0.5390526800
0.1843798842 0.0796805886
0.2459793594 0.8008743901
0.0259560009 0.3777956921
0.5676684431 0.0582454544
0.1828939619 0.7284602098
0.5334201080 0.5604889294
0.0817385714 0.7985558938
0.1673500329 0.1882153611
0.3844398998 0.7934456642
0.0907601965 0.8312924782
0.5416102688 0.1564253976
0.4221348647 0.3128087960
0.4444438696 0.3236712317
0.1960107238 0.4774451368
