-0.1172638760 -0.3781382864
 0.5375269739 -0.3362387227
 0.2089175896  0.0511061070
-0.1314966650 -0.5713748756
-0.1274073920 -0.1960095425
 0.1285619314  0.1448452113
-0.0208713204 -0.3992482280
 0.2167337126 -0.2246254950
-0.0787804391 -0.3666151908
 0.5419443078 -0.2427943837
-0.0001226172 -0.2808535075
 0.5449496840 -0.2058223089
 0.3254440203  0.0228534163
 0.3393350492  0.1472145255
-0.0369739229 -0.4903194902
 0.3659178250  0.0909239376
 0.1639056509  0.1051878628
 0.6742506077 -0.2921295169
 0.3716262317 -0.2656856942
 0.2826872850  0.1508583730
 0.4818937221 -0.2312828523
-0.0238335720 -0.5684842707
 0.3724627716  0.0264346258
 0.4810736796 -0.2163942329
 0.3054674675 -0.1705316579
 0.4790783097 -0.2580703414
 0.3899597676  0.1622802943
-0.0345551162 -0.6643986384
 0.3907614292 -0.2259129869
-0.1657625979 -0.3608083595
-0.0166307912 -0.6702971240
-0.0096503094 -0.2068313307
-0.0779100663 -0.3906208027
 0.4334020845 -0.2696158642
 0.3053111792  0.1402012060
 0.3891255457 -0.2188833490
 0.4690112893  0.0054484551
 0.3686994707 -0.1954649420
 0.2434716777  0.1050095642
-0.0736768631 -0.2097803694
 0.4754463280 -0.3062487805
 0.4389188442  0.0359123481
 0.2439856498  0.0487902802
-0.0232712697 -0.3138661660
-0.0175920539 -0.3389085785
-0.1414704478 -0.4879331362
-0.0976301189 -0.4368381778
-0.0645263794 -0.6563502980
 0.1984980337  0.0761954767
 0.6281575734 -0.3209481445
-0.0478332646 -0.2224343585
 0.0232543944  0.1140269221
 0.1054035656  0.0063716184
 0.3214592571 -0.3086586806
-0.1514296323 -0.2609023724
-0.1561268273 -0.2143735203
 0.5095566439 -0.2697764443
 0.3503975244  0.0412760882
 0.2335818678 -0.2866796192
 0.1715889400 -0.1897005947
 0.1189568998  0.1107485294
 0.6344044084 -0.3119511963
-0.0949532744 -0.6683590275
-0.0055600977 -0.2086453357
 0.2444250759 -0.2659953631
 0.1761033216  0.0317783226
 0.2951010864  0.1228950977
 0.4404789921  0.0842765432
 0.4177595874  0.1269938602
 0.1348111503  0.0088508658
 0.4809331955  0.1000240493
 0.3946000562  0.1274493161
 0.1008936405  0.0701667782
 0.2817832833 -0.3124295002
 0.2102638328  0.0244659835
 0.3042838666 -0.2902516509
 0.5869047450 -0.2118617458
 0.1594119318  0.1360845771
 0.6705737041 -0.2116744683
 0.1431071596  0.0372837254
 0.4322649842  0.1289191055
 0.4489726785  0.0074971293
-0.0030485446 -0.4614548607
 0.2935952187  0.0800571709
 0.2030585556 -0.3160384397
 0.2536589535  0.0738167135
-0.1501979431 -0.2730254986
-0.1384885937 -0.4453721879
 0.2926957552  0.0898025440
 0.4114744195 -0.2183192304
-0.0584058480 -0.5962196224
-0.0552616007 -0.6728930494
 0.1706463144 -0.1957223333
 0.3285849809 -0.2117591886
-0.0768331659 -0.3154056717
-0.0174522029 -0.6713478422
-0.0620542088 -0.4078085664
 0.4754406144  0.0262125344
 0.4614657134 -0.2737502580
-0.0797673858 -0.1760143698
 0.2335901809 -0.3118747308
 0.4677288852 -0.3144010790
-0.0677702700 -0.5790643590
 0.0454686537  0.0220151097
 0.4597203826 -0.3099254904
 0.2741898612  0.0783747969
 0.5135617034 -0.1941791431
 0.2177998848 -0.1747343364
-0.1393917585 -0.3092954584
 0.2497407715 -0.2313585453
 0.4374672611  0.0891235673
 0.4590593773  0.0229635318
 0.4465874557  0.0638707227
 0.2459008450  0.0113092501
 0.2212810386 -0.2234889670
 0.5504974516 -0.2088560541
 0.1243645344  0.0346479492
 0.4041900097 -0.2167066213
 0.1989326244  0.0507613820
-0.0357424817 -0.5897766135
 0.6550958865 -0.1752062504
 0.4771513025 -0.2542707790
 0.6507072489 -0.2007521004
-0.1251823352 -0.3859513538
 0.3407942041  0.0960309147
-0.1601836822 -0.3215989978
 0.1130940559  0.0607239593
 0.3491689111  0.1061369152
 0.5019176728  0.0279471193
-0.1603845302 -0.1976157734
 0.3794868687 -0.2378548655
-0.0195261193 -0.2059042027
-0.0012942702 -0.4354588114
 0.2237566861 -0.2590597018
 0.2512955030 -0.3105117902
 0.2360240139  0.0138917370
 0.0722541403  0.0775313663
 0.4612727865 -0.2492418010
-0.0539838254 -0.4309405811
 0.6418166987 -0.2639631981
 0.5382338211 -0.1804566026
 0.2736434167  0.0949407010
 0.2657056976 -0.3005909274
-0.0494212699 -0.3352464335
 0.4294502881 -0.1749731864
 0.6000957918 -0.3167015966
 0.2912029610  0.1670686011
 0.5819664721 -0.2904062033
 0.5576950930 -0.3292039562
-0.1636973548 -0.4369197682
-0.0838729846 -0.4841724331
-0.0891523279 -0.3530461189
-0.1651258120 -0.5585019893
 0.1740634699 -0.1694435990
 0.6741165697 -0.1805365851
 0.5925530578 -0.2188589940
-0.0971966913 -0.3885890534
 0.4465045279  0.0125432159
-0.0736137681 -0.5732940185
-0.1475749857 -0.2216993042
 0.3932644034  0.1128543956
 0.2274477730 -0.1736486829
-0.0137550712 -0.5896898604
 0.2465161197 -0.1753345965
 0.2538602089  0.0641657514
 0.4720859337 -0.3022526186
 0.4284794098  0.0462591418
-0.1113686720 -0.5550688766
 0.3026112483  0.0954299117
 0.1970592869 -0.3033302210
-0.0908955990 -0.5538485414
 0.2510508140  0.1578431728
 0.5126661993 -0.2931276977
 0.1698386386  0.1309219857
-0.0877969585 -0.5323899253
-0.1289651589 -0.6418521390
 0.1085978472  0.0265706622
 0.2626379109  0.1037531993
 0.3700182753 -0.1949464498
 0.5061246553 -0.1991176316
 0.3050064150  0.0424121246
-0.1199797001 -0.4400014652
 0.6580901822 -0.3309227553
 0.3132666990  0.0131103707
 0.5033122715  0.0630579618
-0.1304190296 -0.3888529292
 0.3955046029 -0.3088989563
 0.1936697650 -0.2039987173
-0.0163727876 -0.4832263098
 0.2107288455  0.0029342335
 0.6505440710 -0.2201106441
-0.1133539365 -0.6353054727
 0.2573905052 -0.3071682321
 0.3347315332 -0.2175724953
 0.5040304483  0.1323032468
-0.1026544693 -0.3984553700
 0.1497446625  0.0435052433
 0.4320658317  0.1267097741
 0.3327141395 -0.3300554621
 0.4679285945 -0.2826607673
 0.0597502959  0.1670427084
-0.0051929608 -0.2083361551
 0.3343904604  0.0792096058
 0.3974253384  0.0233071399
 0.4030118411  0.0991757360
 0.2549352238 -0.2378833730
 0.2812290296 -0.1962905440
 0.2275851936  0.1160196162
 0.0569301534  0.0678134322
-0.1505342256 -0.3524240393
-0.0401411276 -0.3056391738
 0.2467496407 -0.2243104104
-0.1061993508 -0.1787209783
 0.0137307738  0.0079950129
 0.3261356564 -0.1940190625
 0.6552054804 -0.2219025568
 0.2958699282 -0.3335616675
 0.3784179570  0.1414919594
 0.1719443485  0.0881130821
 0.4740226975  0.1093963634
 0.1246656307  0.0789042162
-0.1080976056 -0.4856892948
 0.1939939899 -0.2306296000
 0.0361426009  0.0452481012
 0.3377791464  0.0942557283
 0.4784320825  0.0473803926
-0.0643216516 -0.3484872877
 0.4631861336  0.1605908259
 0.2714069010  0.0757414372
 0.2253257138 -0.1911749621
 0.5218503715 -0.2261107435
-0.0240958693 -0.2189506932
 0.1872502154  0.0915786693
 0.4332300004 -0.2827681875
 0.2685066069 -0.3008608176
-0.1377251270 -0.3947430358
 0.1824695723 -0.1806154474
 0.1193086644  0.1324498304
-0.0245016349 -0.5448891786
-0.0303661928 -0.4336453681
-0.0651604306 -0.5771975591
-0.1530812090 -0.6157014284
-0.1133674703 -0.4241789891
-0.1196119652 -0.5690515049
-0.0526760953 -0.3969358933
 0.5461640148 -0.2506809878
 0.2700434136 -0.2722876650
-0.0608005672 -0.3393869304
-0.1552390559 -0.3873294408
-0.1239383039 -0.3233225517
-0.1650633581 -0.2038674724
-0.0901455478 -0.6383364367
 0.5999244389 -0.2160289721
 0.0786515413  0.0749433388
 0.2916405507 -0.3335704309
 0.3893575140 -0.2777726365
 0.4952231127  0.0149152692
 0.3797627615 -0.2641804974
-0.1589957152 -0.5647893544
 0.0190164083  0.0875746669
-0.0021888368 -0.2581799815
 0.5660243815 -0.1986950070
-0.1161952938 -0.4681329191
 0.6714491432 -0.2496099511
 0.2340151696  0.0357966988
 0.0696272035  0.0543101928
 0.2420621779 -0.2780348958
 0.4941343546 -0.3329520055
-0.1401043409 -0.6046964864
-0.0222631500 -0.6382560192
-0.1353331013 -0.5452588228
 0.3129344505  0.0949042825
 0.4138940039  0.1482484440
-0.0097248384 -0.6253988378
-0.1413389142 -0.5133614257
 0.4185049387 -0.2227204658
-0.1182146375 -0.4423166208
 0.0023347498  0.0246376634
-0.0594028337 -0.3122268339
 0.6315211839 -0.2619174180
 0.4361302449  0.1078859543
-0.1286338648 -0.1712402765
-0.0068559555 -0.5500134039
 0.1820764927  0.0238702452
-0.0923132146 -0.4392731275
-0.1249447113 -0.3461845519
-0.1211017235 -0.5105039182
-0.1139703245 -0.2818892845
 0.5561824283 -0.2984451914
 0.5045767348 -0.2603807343
 0.5550907916 -0.3292843525
-0.1429938478 -0.3066153027
 0.0077500069  0.1412283252
 0.6356591479 -0.2753925705
 0.1599700518  0.0271787947
-0.1654868936 -0.5422720414
 0.2059000803  0.0821396997
-0.0285774457 -0.4882343563
-0.1276504793 -0.2303043098
 0.0253281899  0.0929869134
