 0.1012783033 -0.3954992643
-0.3683510343 -0.0020344607
-0.4608872361 -0.1048199307
 0.3009248789 -0.1751460212
-0.3447041863  0.3334683348
-0.3666862932 -0.0205641596
 0.3215415619  0.3542415010
-0.1445829453  0.3248183662
 0.1884602361  0.2752053443
-0.1965536712 -0.3760366397
 0.3878270767 -0.2783232160
-0.2412428846  0.3893505659
 0.2114503918  0.3355547567
-0.0367788591 -0.4650055002
 0.3896995227  0.1522340436
 0.3267951788  0.1097797547
-0.2597016265 -0.4136178882
-0.2518510397 -0.3660974531
-0.2026119534 -0.3802322755
 0.3185455908 -0.3830459798
-0.0833152769 -0.3650280312
 0.3910456102  0.1662020912
-0.2300649771  0.3233144899
 0.4197912628  0.1372796772
-0.4905642180  0.0004818150
-0.3351175144  0.1041509713
-0.0118499592  0.3731868912
 0.3834184987  0.2332138446
 0.2047398153 -0.3030227220
 0.3881925210  0.0166504196
-0.2814592238 -0.3104917394
 0.4739029426 -0.0491315195
 0.3699827020 -0.0537614890
 0.3115542375  0.1988820807
-0.3016780555  0.3164620048
 0.2678200048 -0.2420003097
 0.2964906941  0.2910881904
-0.4848339245 -0.0487577220
-0.2607651139  0.2966958826
 0.1889504015  0.2883664809
-0.3857394868 -0.0287501658
 0.2591511720 -0.3427219128
 0.3865128602 -0.1384535738
 0.3677801607 -0.1825576345
 0.2994885388  0.3829359417
-0.2509733922  0.2432857451
 0.0102455970 -0.4402077783
 0.1886095427 -0.3724350194
-0.1073175520 -0.3165405353
-0.3559230018 -0.2927330425
 0.4481379404  0.0258604425
 0.0184906478  0.3920685558
 0.3116042409  0.3671068944
-0.3536365162  0.3408610099
-0.0317814622  0.3588782868
 0.2075478005  0.2790025456
-0.1921427954 -0.4032697822
 0.3077444410 -0.2186440872
-0.3929445577  0.1509278477
 0.2135839003 -0.4492601110
 0.0304258347 -0.3640245381
 0.3260840949  0.2812301348
-0.1421144751  0.3722154169
-0.3478116051 -0.0711626375
-0.3858552025 -0.0479989178
-0.2573402352  0.3000324760
 0.1748280651  0.3575519294
-0.4469985645  0.0838413019
-0.4784107492  0.0578836180
 0.3337584292 -0.2582513234
-0.1104994435 -0.3417906734
-0.3358273644 -0.2208229172
-0.3456370653  0.0866684522
 0.0544258298  0.3415792272
-0.0157268199 -0.4768652776
 0.0570670397 -0.4060099363
-0.3646056764 -0.1830165592
 0.2238541949  0.2971786876
-0.4242000911  0.1902262893
 0.4451186484  0.1416855529
 0.0101338559 -0.4639875882
-0.2623957343 -0.4240050003
-0.0702933511  0.3870823832
 0.4449865369  0.1695944400
 0.2461667391 -0.4029879922
 0.4003508800  0.2234805566
 0.3493407449  0.1527982861
-0.4628845506 -0.0897985694
-0.2142293724  0.3992671968
 0.4327073020 -0.1730470102
-0.0926451017  0.3356451060
 0.2237683934  0.3403101040
-0.3216596276 -0.3504979198
 0.3109530544  0.2921140843
-0.2559314606  0.2786883915
-0.1106404600  0.4412155523
 0.4167000215  0.0796887506
-0.1662898624 -0.3418437489
-0.3533301462  0.0528803449
 0.0731339200 -0.3382177073
-0.4313593397  0.0168249949
-0.0878999643 -0.3254113676
 0.2528823019 -0.2563790073
 0.0125534073 -0.4339223063
-0.4393708603 -0.0938377411
 0.4039107932 -0.1035884710
-0.0548354887 -0.4743300959
-0.0821608396 -0.3516619637
 0.1385766816  0.3577753296
 0.3372106526 -0.2988722161
-0.0097538298  0.4734291480
-0.1646960288 -0.3389337767
 0.0823950224  0.3974389368
-0.1903905521  0.3407947259
 0.2965905789 -0.3074307710
-0.4174735178  0.2693221870
-0.1210181740  0.3455939756
 0.3726277869 -0.2861065499
 0.1759675650  0.3546496467
-0.2931688645  0.3065943228
 0.2562514004  0.3864060591
 0.0016611151  0.4508317788
 0.4813330974  0.0486377827
 0.1315612309  0.4650787590
 0.3190347565  0.2170221876
-0.3953507654 -0.0975912885
-0.2479858003  0.2359657098
 0.1871732674  0.3748460281
 0.3163080937  0.2788536374
 0.3333562275 -0.0607751069
-0.1162222180 -0.3408347518
-0.0816177792  0.4752698176
-0.2185507995 -0.4195359701
-0.0061127810 -0.4957859670
-0.3592270180 -0.2349880263
 0.2423456698 -0.3472115568
 0.0563162851 -0.3687860299
-0.3851596133 -0.2441085440
 0.2546295842 -0.2231779307
-0.0639373783  0.4926683622
 0.4511631830 -0.0175949205
-0.1973441400 -0.3000831598
-0.3148928058  0.1343843245
-0.3683206950  0.1974949710
 0.3614354022  0.1815184969
-0.4327471328 -0.1293193956
 0.0199797317  0.4210411817
 0.3679891118  0.2135794342
-0.1165444423 -0.3801110660
 0.3740630460  0.0389340629
 0.3435158680  0.3331371005
-0.3470483782 -0.1203104973
-0.3963833280 -0.1699042955
 0.2436290031  0.3473946655
 0.3635519424 -0.0872152409
 0.3598554150 -0.0152270984
 0.0293727721 -0.4553805777
 0.4306172180  0.2520101001
 0.3709921459 -0.0912429443
-0.3675425719  0.3301023255
-0.2329454366 -0.4306464256
 0.1351938594 -0.3923133451
 0.3668655372 -0.1437033515
-0.0333555104 -0.3917479084
 0.1353279738  0.3569052809
-0.3957341216 -0.2371479214
 0.0419258685  0.3821991123
 0.3529994237 -0.2325724369
 0.0696849797 -0.4418894418
-0.4215632511 -0.1581743120
-0.3658556832 -0.0227876886
 0.2856281871 -0.3688366272
 0.4261881657  0.1120109934
 0.1579201048  0.4550452224
-0.1603812671 -0.4386551028
-0.0132632790 -0.3379776164
 0.2037090538 -0.4425293188
-0.4414990858 -0.0398385069
-0.2055179836  0.4071749090
-0.2668826589 -0.4027977805
-0.3948964081 -0.2452813882
-0.0874757336 -0.3439454852
-0.4236467017 -0.0312379552
-0.0573259262 -0.3303781833
-0.2599769198 -0.3821156607
 0.4560882151 -0.0801112275
-0.3140117626 -0.2597605667
 0.1866955408  0.4217659864
 0.1933889466 -0.3152137250
 0.4120082076 -0.1268186796
 0.3221430703  0.1616682561
 0.2443449859 -0.3870282009
 0.4256118858  0.1831012672
-0.2974578589 -0.1836284317
-0.4899722498 -0.0677564735
 0.3089565670  0.3524545687
 0.1648311397 -0.2947288843
-0.2959552733  0.3295705246
 0.4971188154 -0.0574690722
-0.4594018302 -0.1270054844
-0.2973259442 -0.2750777016
-0.4746349674 -0.0941679854
-0.2718130179 -0.2107892871
 0.3741132350 -0.1615366828
-0.4274635904 -0.1809518037
 0.1717939522  0.3999121239
 0.0278411703  0.4001916851
 0.3680392644  0.2005388681
-0.3338031005  0.2250643008
 0.3731601667 -0.2083399781
-0.0019345635 -0.4528806572
-0.4937044781 -0.0532280354
 0.4482207252 -0.1761698468
 0.2267011695  0.3901384748
 0.0055520920 -0.3431711564
 0.0762496202  0.3944677786
 0.2614416725 -0.2264945691
-0.2477656933  0.2516826335
 0.3088101654  0.1787332077
-0.3488327862  0.1532581035
-0.3591383710  0.2907577355
 0.3793067517  0.0905689098
 0.4021992129  0.1102597289
-0.2827671999  0.3793583505
-0.4916820271  0.0917719874
-0.3408326200  0.1709720820
 0.2836428260  0.2414499451
-0.1760863740 -0.2903008806
-0.4357334703  0.2321869992
-0.1958103464 -0.4464299854
 0.4264122222  0.2042251862
-0.3617927995 -0.0356389827
 0.4111246147 -0.2082985439
-0.2808777790 -0.3436889201
 0.2555868558  0.3981111394
-0.4572717476 -0.0509136773
 0.4588400034 -0.1825560499
 0.1894990537  0.2990922169
-0.2500022015  0.2407624065
 0.1925491444  0.3798072909
-0.2360677572 -0.3202939338
 0.1244959466 -0.3356921738
 0.2840900047  0.3684482067
 0.2695037777  0.4109353415
-0.3786070293 -0.2430400155
-0.1109943808 -0.4431870862
 0.3962051151 -0.1462347261
-0.3496648174  0.0563293229
 0.0596527543 -0.3905275609
-0.3881096432  0.2140261817
-0.3128510897  0.3075871234
-0.1981823858  0.2668735532
-0.0672706347  0.4260195891
 0.1316389603  0.4557853169
-0.3896049937 -0.0201293845
-0.1830096333  0.4480995574
-0.3924746606 -0.0729052148
 0.3026489816  0.1714383877
 0.2470826689 -0.2950467124
 0.1468638633  0.4163867008
 0.1250636901 -0.3169054699
 0.4064246336 -0.2099189839
-0.2701291797 -0.4115942027
 0.4384397873  0.0420027032
 0.1296562427 -0.3448415982
 0.3285655767 -0.1648964094
 0.3740627318 -0.2707635095
-0.0749650441 -0.3712300043
-0.3080081309  0.2599614000
-0.1787400139 -0.3283080273
 0.2781476357  0.3517571865
 0.3817002675  0.2817761779
-0.4006970340 -0.2935660710
-0.3532849093 -0.2246691543
 0.4493839187 -0.1832372524
 0.1602755098  0.4566590693
-0.4508796350  0.1386388665
 0.3627815116 -0.1624653979
 0.2809272197 -0.2283852100
-0.4256500257  0.2082889853
 0.2707624316  0.3830787558
 0.1015366316  0.4389565995
 0.2504784777 -0.2341619705
-0.2540930484  0.3781334205
-0.3508826749 -0.0831043218
 0.3411647790 -0.3073351088
-0.1103546381 -0.3760813657
-0.3578772754 -0.3283986749
 0.0402085901  0.4068816948
 0.4064647459  0.0009983354
 0.0864460931  0.3238018671
-0.4780528922  0.0283947106
 0.1111670103 -0.3943412889
-0.3323499240 -0.3567575916
 0.4477317030  0.0680996790
 0.3015987645  0.3913912100
-0.3288979656  0.2150537822
-0.3863939501 -0.1862033513
 0.4489020357  0.1447620402
-0.4541277133 -0.0304221770
