 3.304477e-02 -2.725708e-01
-3.814677e-01  3.081043e-01
-2.450122e-01  9.693273e-02
 2.740051e-01  9.969296e-02
-2.298204e-01  1.562332e-01
-3.859870e-01 -2.558943e-01
-1.822523e-01 -1.562897e-01
-4.007638e-02 -4.789234e-01
-1.902171e-01 -7.762251e-02
-3.308438e-01 -3.305445e-01
-1.187389e-01 -2.269556e-01
-4.601015e-01 -1.130056e-01
 4.437345e-01  1.868359e-01
-6.235318e-02  4.626432e-01
 2.585331e-01  9.470682e-02
 2.366361e-01  1.404616e-01
 2.709725e-01  1.402787e-01
 4.649074e-01  1.378999e-01
 1.235309e-01  4.403291e-01
-4.621670e-01  1.274155e-01
 3.338299e-01 -2.903202e-01
 3.712254e-01 -3.297656e-01
-3.452187e-01 -3.391323e-01
-2.420912e-01  1.076956e-01
-1.892813e-01 -4.421471e-01
 3.850967e-01  2.864456e-01
 2.305180e-01  1.129278e-01
-1.106336e-01 -2.678853e-01
 4.608423e-01  1.237893e-01
-2.312382e-01  1.059458e-01
-3.808044e-01 -2.883578e-01
-9.860169e-02 -2.623866e-01
 4.417199e-01  2.244047e-01
 4.862384e-01  3.398982e-02
-1.847684e-01 -1.633649e-01
 1.319298e-01 -2.326816e-01
 2.307196e-01  9.985411e-02
-8.588812e-02 -4.712038e-01
 9.952265e-02 -2.312939e-01
-1.794062e-01 -1.729614e-01
-3.440017e-02 -2.790609e-01
 1.909297e-01 -4.520752e-01
 4.350747e-01 -2.360009e-01
 1.588604e-01 -4.532002e-01
 4.650891e-01 -4.000890e-02
-4.656672e-01 -5.651308e-02
-4.501492e-01  8.027481e-02
 4.814913e-01  1.090321e-01
 2.347178e-03 -2.604283e-01
 6.342390e-02 -4.749768e-01
-2.300736e-01 -4.203340e-01
 4.210551e-01  2.157768e-01
 1.843538e-02 -2.722335e-01
-4.309476e-01  1.815405e-01
-1.951328e-01 -8.887503e-02
-5.849152e-02  4.513698e-01
 2.766848e-01  1.302663e-01
-2.356428e-01  9.296945e-02
-2.736347e-01  1.021495e-01
-3.160657e-01  3.571662e-01
 1.547394e-01 -4.447389e-01
 2.675165e-01 -3.958464e-01
-2.141049e-01  1.319570e-01
-2.460068e-01  1.233999e-01
-2.903788e-01 -3.634917e-01
 2.028575e-01  4.173277e-01
-7.968243e-02 -2.620899e-01
 4.584817e-01  9.399881e-02
-8.838339e-02 -2.697755e-01
 2.465954e-01  1.418663e-01
 4.871959e-01 -3.326732e-02
 1.648652e-01 -1.610435e-01
 4.369287e-01 -9.527909e-02
 4.715543e-01  1.926949e-03
-6.225076e-02 -2.497565e-01
 3.950041e-02 -4.751704e-01
 1.838789e-01 -1.230188e-01
-4.760696e-01  8.837937e-02
 1.623415e-01 -1.413014e-01
 1.574823e-01 -1.936518e-01
-1.096945e-01 -4.713284e-01
 9.416642e-03 -2.483509e-01
-1.104789e-01 -4.505869e-01
-4.396984e-01 -1.846625e-01
-3.637435e-01  3.259687e-01
 7.582540e-03  4.834365e-01
-2.140013e-01  4.383005e-01
 5.657882e-02 -4.698063e-01
 2.626304e-01  1.526886e-01
-2.342576e-01  1.529333e-01
 1.695942e-01 -8.867092e-02
 3.920778e-01 -2.875141e-01
 4.618921e-02 -2.457433e-01
 4.530604e-01 -1.460199e-01
 3.955028e-01  2.922834e-01
 2.549605e-01  1.535679e-01
-2.810607e-01  1.275586e-01
 4.421668e-01  1.917478e-01
 1.966041e-04  4.718633e-01
 2.161580e-01  1.068966e-01
 2.605256e-01  1.205310e-01
-3.932184e-01 -2.765215e-01
 4.861675e-01  1.648077e-02
 2.620760e-01  9.625401e-02
-2.001123e-01 -4.415337e-01
-8.486164e-02 -4.640587e-01
 2.789792e-01  3.617554e-01
 3.098829e-01 -3.477405e-01
 2.453069e-01  9.013890e-02
 2.398399e-01  1.015237e-01
 4.620816e-01  4.879092e-02
 2.343855e-02 -2.900886e-01
 7.566702e-02 -2.369546e-01
 2.634643e-01  1.570363e-01
-5.976278e-02 -4.610254e-01
-2.191928e-01  1.467890e-01
 2.721811e-01  1.419222e-01
-2.542187e-01  9.382692e-02
-1.553317e-01  4.213518e-01
 4.550037e-03 -4.914936e-01
 2.353718e-03 -2.582930e-01
-2.698285e-01  1.139480e-01
 8.799677e-02 -2.651569e-01
 2.235051e-01 -4.063963e-01
-4.781776e-01 -1.027420e-01
-1.800558e-01 -1.100875e-01
 4.302161e-01  2.438389e-01
 2.542089e-01  9.654364e-02
 2.303179e-01  1.036131e-01
-4.750983e-01 -2.370957e-02
-3.041324e-01  3.674273e-01
 2.452077e-01  9.562224e-02
 2.334101e-01  1.297220e-01
-2.109732e-01  1.192715e-01
 4.036556e-01 -2.438282e-01
 8.671271e-02 -2.606296e-01
-3.853809e-01  2.939539e-01
 8.727591e-02 -2.494979e-01
 1.756188e-01 -1.656856e-01
 1.362814e-01 -4.594640e-01
 2.798674e-01 -3.812164e-01
 5.189234e-02 -4.739204e-01
-7.784547e-02  4.565686e-01
-4.838617e-01 -9.052454e-03
 1.389181e-01 -2.013778e-01
-5.371538e-02  4.717240e-01
 4.362869e-02 -2.701585e-01
-2.610085e-01  3.971558e-01
-2.571796e-01  1.147395e-01
-2.189953e-01  1.355520e-01
-1.579844e-01 -1.825512e-01
-4.681205e-01  1.315216e-01
 3.753167e-01  2.738660e-01
-2.164478e-01 -4.225271e-01
-2.481919e-01  8.824438e-02
-4.680275e-01 -8.067415e-03
 2.857500e-01  1.196194e-01
-1.085048e-01  4.513620e-01
-2.623888e-01  1.363236e-01
-4.074118e-01 -2.703875e-01
-1.730146e-01 -1.524008e-01
-2.534171e-01  9.365367e-02
-3.667483e-01 -2.937095e-01
 3.699983e-02  4.720247e-01
-2.651545e-01  1.436503e-01
-2.277692e-01  1.137789e-01
-2.238554e-01 -4.231605e-01
-2.277134e-01 -4.341608e-01
 1.496086e-01  4.239213e-01
 3.571153e-01  2.965906e-01
 4.736411e-01  4.690944e-02
 4.860703e-01  3.535899e-02
-1.888096e-01 -1.388426e-01
 4.220918e-01 -2.704687e-01
 1.897000e-01 -1.212640e-01
-2.339951e-01  1.581007e-01
-4.417291e-01 -1.827622e-01
-2.578047e-01  1.067433e-01
-1.958047e-01 -1.231262e-01
-4.500617e-01 -1.196040e-01
 2.450257e-01  3.963680e-01
-8.502475e-02 -4.615536e-01
-7.139831e-02 -4.601430e-01
 6.813298e-02  4.765123e-01
 1.010730e-01 -2.383558e-01
 1.570671e-01 -2.283174e-01
-2.397297e-01  1.393317e-01
 3.726963e-03 -2.895056e-01
 2.248178e-01  1.014862e-01
-4.894456e-02 -4.477286e-01
-2.560762e-01 -3.966381e-01
 1.707136e-01 -1.771111e-01
 2.177862e-01  1.275859e-01
 1.626755e-01  4.453766e-01
-2.699781e-01  3.879859e-01
 1.551445e-01 -1.840805e-01
-2.406768e-02 -2.576341e-01
 2.264776e-01  1.289144e-01
 1.780585e-01 -1.684296e-01
 4.887825e-02 -2.775481e-01
 2.122509e-01 -4.492168e-01
 3.196854e-01  3.407486e-01
-1.512846e-01 -1.964853e-01
 2.062961e-01  4.384425e-01
 1.971687e-01 -4.286105e-01
-2.248018e-01  1.011660e-01
 1.711654e-01 -1.190605e-01
-2.687196e-01  1.306288e-01
 1.572677e-01 -1.632757e-01
 1.320880e-01 -2.199766e-01
-2.231370e-01  1.448324e-01
 4.924417e-01  6.981517e-02
-1.169498e-01 -2.144238e-01
 3.879076e-01 -3.012847e-01
 2.068162e-02  4.845482e-01
-4.865138e-01 -1.866482e-02
-3.253942e-01  3.500664e-01
 4.715922e-01 -6.490226e-02
-4.046098e-01 -2.025529e-01
 1.981333e-01 -8.546506e-02
-2.566770e-01  1.203720e-01
 1.738232e-01 -1.932878e-01
 2.840105e-01  1.373985e-01
 3.671800e-01  3.175574e-01
-2.641248e-01  9.003918e-02
-4.478814e-02  4.656388e-01
-9.762757e-02  4.635195e-01
 2.248191e-01  1.470829e-01
 2.627282e-01  1.457159e-01
-4.745601e-01  2.372986e-02
 2.613061e-01  1.421053e-01
 2.600696e-01  1.008387e-01
-1.037298e-01  4.844841e-01
-3.561758e-01  3.177240e-01
-2.634954e-01 -3.714636e-01
-5.074333e-01  7.023543e-02
 3.568798e-01  3.052096e-01
 2.934879e-01 -3.891587e-01
-3.921611e-01  2.512873e-01
 2.549382e-01  1.277334e-01
-2.533222e-01  1.462181e-01
-6.624662e-03  4.769319e-01
 3.003994e-02 -2.728435e-01
-3.722129e-01 -2.627052e-01
 2.712760e-01  1.543953e-01
 2.609192e-01  1.139768e-01
-2.651339e-01  1.275670e-01
 1.905532e-01  4.640739e-01
-7.798303e-05  4.773950e-01
 1.769438e-01 -1.680883e-01
-6.999825e-02  4.697101e-01
 1.867822e-01 -1.342375e-01
 4.038329e-01  2.657838e-01
-4.940110e-01 -5.451457e-02
 2.788413e-01  3.701217e-01
 1.510243e-01 -2.140047e-01
 4.535891e-01  1.713281e-01
 2.727614e-01  1.130856e-01
-4.460911e-01 -1.724792e-02
-4.021564e-01  2.196371e-01
-1.806508e-01  4.305069e-01
-1.614070e-01 -1.789301e-01
 1.707775e-02  4.608693e-01
 1.076729e-01 -4.584892e-01
 1.279215e-01 -4.705320e-01
-2.224100e-01  1.397135e-01
 5.679921e-03 -2.837360e-01
 4.498660e-01 -1.158116e-01
 1.619811e-01 -2.078408e-01
-7.432867e-02 -2.828377e-01
 2.776180e-01  1.001066e-01
 2.779005e-01  1.180201e-01
 2.499344e-01 -4.261684e-01
 3.361773e-01  3.595560e-01
-2.438766e-01  1.380314e-01
-9.015101e-02 -4.660592e-01
-1.627667e-02 -2.534710e-01
-2.165469e-01  1.368858e-01
 4.544747e-01  7.837338e-03
-4.566506e-01 -8.595836e-02
 1.684357e-01 -1.648331e-01
 4.391436e-01 -2.062690e-01
 3.491530e-01  3.246633e-01
-3.696721e-01 -2.825948e-01
-8.975196e-02  4.771412e-01
-3.979064e-02 -4.682004e-01
 2.602337e-01  1.443620e-01
 8.105693e-02 -2.629866e-01
-1.775396e-01 -1.580580e-01
-2.873611e-02  4.826395e-01
 2.188452e-01 -4.303350e-01
-2.446238e-01  3.886931e-01
-3.026739e-01 -3.659025e-01
-2.917900e-01  3.615563e-01
 7.952883e-03 -4.542269e-01
 4.764669e-01 -7.396757e-02
 4.065443e-01  2.273949e-01
-3.021379e-01 -3.583731e-01
-2.323041e-01  1.206605e-01
 2.395133e-01  1.027083e-01
-3.112690e-01  3.609411e-01
 4.386591e-01  1.596243e-01
 4.615978e-01  1.026130e-02
-4.859554e-01  3.299923e-02
-4.774467e-01  6.447803e-02
 2.716008e-01  3.900213e-01
-2.311036e-01  1.499985e-01
-4.672595e-01 -2.309151e-02
-2.695787e-01  1.028004e-01
-4.589649e-01  2.195389e-02
 1.155997e-01 -2.396662e-01
-6.158286e-02  4.899596e-01
-1.769568e-01 -1.512484e-01
 4.048755e-01  2.531937e-01
 3.822575e-01 -2.720430e-01
-9.649751e-03 -2.831979e-01
 1.661663e-01 -2.114395e-01
-4.311488e-01  1.635825e-01
 8.171365e-02 -4.711600e-01
-1.894154e-01 -9.602025e-02
-1.489813e-01 -1.779406e-01
-5.685139e-02 -2.742924e-01
-2.448300e-01  1.206091e-01
-1.155980e-01 -2.389701e-01
-1.269105e-02 -2.905669e-01
-3.455467e-03  4.915387e-01
-5.218843e-02  4.961865e-01
 1.688701e-01 -2.182751e-01
 2.816154e-01  1.360634e-01
 1.561691e-01 -1.956000e-01
-2.425350e-01  1.011260e-01
-4.499762e-01  1.135162e-01
-2.438226e-01  1.555691e-01
 8.952827e-02 -2.611838e-01
 4.708206e-01  9.260828e-04
-1.755449e-01 -8.605914e-02
-1.886702e-01 -1.695979e-01
-4.108385e-01  2.429145e-01
-4.633488e-01 -8.991378e-02
 2.502870e-01  1.061234e-01
