0.2656862874 0.7899792380
0.0529580678 0.0251395352
0.1233609235 0.7573487087
0.0413728712 0.7302547019
0.3073630512 0.5734321917
0.2189569244 0.6685973698
0.4021185175 0.0615258885
0.2182587037 0.7438656149
0.4296208319 0.7927416775
0.2839536218 0.8177680741
0.2293556431 0.3692332789
0.2108980050 0.6512164238
0.5181472747 0.7909657739
0.1520271851 0.8713011543
0.3165318347 0.8639286905
0.1861905740 0.1598173284
0.2376501939 0.7248157814
0.2132769547 0.4473821483
0.3069954409 0.3991491243
0.2186550306 0.0788047254
0.4046385814 0.8211864520
0.2106307729 0.6274736103
0.0269505561 0.1342736730
0.1828539264 0.7152124338
0.0374568476 0.0083274545
0.2588351603 0.1761341423
0.1560256856 0.8577653114
0.1340565562 0.8373710822
0.4750854227 0.1515117274
0.2029652005 0.3049885246
0.5127659389 0.0404094492
0.3166404504 0.3401406181
0.2911441020 0.4931009839
0.0534292019 0.7904945769
0.2980698118 0.4416326828
0.3881153316 0.0176966036
0.1251903768 0.1697826909
0.4101570136 0.0306491223
0.3810145109 0.8243840611
0.0878813245 0.7688859713
0.3921151836 0.1689634086
0.1937580543 0.4419841904
0.2076471543 0.5030896760
0.1914807456 0.0177792885
0.2031381612 0.3182252296
0.2242982585 0.1339989316
0.1434624210 0.8779219501
0.0807544694 0.7772404336
0.3085133147 0.8335336670
0.4054624020 0.7111966681
0.2278356311 0.0586868995
0.0942520585 0.0309599727
0.1499150408 0.0768949428
0.2878883093 0.6398440746
0.2169736658 0.2166940032
0.1988534035 0.0714367293
0.2573279257 0.0139186263
0.0887464325 0.7194940602
0.2213048921 0.7371064858
0.2355799316 0.2987035494
0.3377381625 0.7258259739
0.0148173063 0.1431875221
0.4491431939 0.0278085018
0.2251058222 0.2683327776
0.2137844073 0.7806394047
0.2440501439 0.1554734887
0.2080596056 0.3891339272
0.2358775660 0.5760019682
0.0897307722 0.1509437310
0.0278013061 0.7895582682
0.3109505257 0.1423364791
0.3407138402 0.2232766413
0.2215525857 0.4224155136
0.2513331019 0.3632655071
0.3782345751 0.0471568552
0.1908624857 0.0690312123
0.1844846434 0.5017523197
0.0061356902 0.0346112593
0.2259065707 0.2706095164
0.0837920805 0.0561493975
0.1383149557 0.8320381695
0.1473279090 0.8714730576
0.2753610019 0.7444776249
0.4941622846 0.8255822804
0.1792237428 0.8323077207
0.1890879384 0.6423389043
0.2248833717 0.4699053694
0.2509974752 0.6057579029
0.2001189291 0.1428962794
0.3245651679 0.1404042772
0.4292609978 0.7194632846
0.4387456532 0.0299048599
0.2336915989 0.6483196040
0.2218761944 0.8723161058
0.0355943179 0.1717799781
0.0094199209 0.0009928455
0.4051655164 0.7186227254
0.3927685574 0.8510832225
0.1768798190 0.1382004300
0.4785810498 0.1484484944
0.1854393555 0.5392774640
0.2956364713 0.1498718864
0.2360989787 0.3040795662
0.2531423532 0.4228550126
0.1125488631 0.0274549573
0.2525144698 0.3195521920
0.2956135718 0.3203262163
0.3441591559 0.5468738798
0.4012436260 0.8521087651
0.2008304038 0.2266300528
0.3237814710 0.6289776872
0.3891579396 0.0027613812
0.3034192681 0.5704825115
0.2782994219 0.3409276897
0.5261433388 0.1058239764
0.3354439266 0.6054519914
0.1259987413 0.0419140587
0.3260957207 0.1432384659
0.2906510377 0.3106369814
0.3451134837 0.6659233009
0.2569513209 0.2283815385
0.1299898166 0.8205487000
0.5009047988 0.0474869093
0.4493803291 0.8004314210
0.1727539465 0.7116884722
0.3182460653 0.6781411114
0.5037235472 0.8702821673
0.2282206783 0.8506995650
0.1635531473 0.0341055492
0.4428399553 0.8636129233
0.3801869437 0.8179089092
0.2066024464 0.6730941615
0.2896197616 0.5556503056
0.3224187364 0.4296419691
0.4801428000 0.8403208249
0.4098699494 0.8479566221
0.2741724715 0.2575650710
0.5081831264 0.1058156195
0.1027016690 0.8303703461
0.0651344654 0.7753304422
0.4002883301 0.8072264657
0.0962088094 0.0596333473
0.4495512149 0.1707704548
0.1615309217 0.0566646006
0.2585766591 0.3792044993
0.1453439451 0.1141268427
0.3271797186 0.2753669464
0.2849961084 0.0961119349
0.1639727778 0.0284053847
0.2770784218 0.5343085124
0.5172541760 0.0926965772
0.2621789913 0.5618515345
0.0111734914 0.8685403750
0.3270881235 0.7391289018
0.0186572059 0.7522165892
0.2969347155 0.4414593484
0.0337912084 0.1678396356
0.2571804821 0.8800705598
0.2653010188 0.7718196745
0.3480267517 0.4365640139
0.3483173060 0.5925891452
0.3112854714 0.2421723055
0.0174639491 0.8320839531
0.4598789193 0.7361224501
0.4144542470 0.0262922002
0.0557377868 0.0439476309
0.3083137022 0.3407146916
0.2432931081 0.1366214501
0.3056808350 0.8580797555
0.1875885725 0.4969292317
0.2015638802 0.8585242038
0.2674206688 0.0766139974
0.2132174638 0.1121720225
0.2264455801 0.6753410217
0.3104216113 0.7554083767
0.4203783319 0.7146728839
0.2899481448 0.1999466487
0.2952153526 0.1281696386
0.2950011014 0.3739604543
0.1006415732 0.8319666590
0.0100055978 0.0663737408
0.1059444411 0.8099318194
0.3291554513 0.2507543821
0.2495532114 0.5770923510
0.5181290681 0.0258650328
0.4587706810 0.0136672618
0.2148728499 0.1635685182
0.2709841356 0.2303452532
0.3735909034 0.0698809031
0.3450811760 0.3958318750
0.1871024849 0.2502939233
0.3196268875 0.2476939518
0.2051115357 0.6402341273
0.1687110976 0.0755543933
0.2421969366 0.3720973108
0.4963197581 0.0745140635
0.1972544907 0.8177169900
0.4538681610 0.7934872500
0.3283903884 0.7991525687
0.4323221348 0.1656027644
0.1894366868 0.1940174070
0.1481315087 0.7398310369
0.4157417929 0.0761113277
0.1997428066 0.5946175678
0.3060153944 0.1037103021
0.3006941268 0.7718986426
0.4722828789 0.7662276174
0.2664145655 0.7271663491
0.1431919418 0.1469993764
0.4092703417 0.1599990190
0.2419515885 0.2868053789
0.4577736582 0.1160038825
0.2759904232 0.4131077458
0.4620115394 0.8752725048
0.1987401244 0.3726788474
0.0571759078 0.1533803194
0.2503732920 0.1222211879
0.2890391234 0.6241491079
0.2748229717 0.0206648754
0.3509921812 0.4234097339
0.4836644300 0.7895524925
0.2676754486 0.8371927946
0.2973174319 0.4255087723
0.4003890043 0.8044568394
0.3825850436 0.1708587275
0.1787422967 0.4344501642
0.3016449974 0.1804994215
0.0520134759 0.0419107364
0.1287979920 0.8098003570
0.1486295317 0.0794594647
0.2174570963 0.6413661362
0.3376315552 0.3490219455
0.1601062779 0.1056465661
0.2038380553 0.5354144471
0.4083063077 0.7429497683
0.4133454857 0.1723515426
0.2227119553 0.5539219613
0.2467398391 0.7489194100
0.4218354519 0.7162239876
0.3172459125 0.7299129166
0.1433844129 0.8668877160
0.3343322155 0.7413695754
0.5206258738 0.8565974033
0.4610801272 0.0643411189
0.3421548786 0.7838573555
0.2518244170 0.0343665826
0.4157316196 0.7747102679
0.0237621480 0.0049189970
0.2153848183 0.6842030213
0.3717830082 0.0079460905
0.1746446910 0.1706635659
0.4330614652 0.8610788650
0.3186717856 0.3948459799
0.1702106816 0.0482385355
0.1291528895 0.1428771843
0.1736026312 0.1329214741
0.0296889890 0.1540303704
0.2735447749 0.3936988791
0.2208464022 0.6917312542
0.1833678530 0.6686469847
0.3656039192 0.8511332752
0.0903596101 0.7613239749
0.2511225606 0.5515894272
0.3014512847 0.7275098728
0.3306721172 0.5383339531
0.3119941793 0.7153050513
0.2143798471 0.6575310541
0.0515798136 0.1295803728
0.0749013323 0.7152309041
0.2479967543 0.7296220395
0.3175159150 0.0336266749
0.2847964954 0.7604820511
0.5054110371 0.7439601546
0.1210197454 0.7855252791
0.2571036898 0.6482098440
0.4499732525 0.1180716138
0.1128987467 0.7472607532
0.2160897222 0.6446718602
0.0424614389 0.7918212108
0.2123220117 0.4192531773
0.1931527934 0.6145998457
0.0374050818 0.1198209443
0.0237683339 0.8261814405
0.0943356489 0.1359404792
0.2295858243 0.6734250594
0.3565414801 0.8405474764
0.4897566850 0.1333604604
0.4703831644 0.1521863662
0.1780371411 0.1641840989
0.2101781774 0.8624806286
0.3232023495 0.1449870285
0.1598854129 0.0655614379
0.3248954093 0.5142343147
0.0184658790 0.8610897375
0.2309225274 0.2261981561
0.2658833628 0.0327422331
0.3887981245 0.1113409228
0.2821785687 0.4619251606
0.5192619544 0.8341349233
0.5196498260 0.7058085677
