-0.240992755 -0.438089597
-0.034191760  0.163121739
-0.107718508  0.488258872
 0.166142688 -0.013205506
 0.331815841 -0.031770433
 0.211998492 -0.257230931
 0.004872232  0.499976264
 0.455841901 -0.205446256
-0.094296758  0.319717428
-0.427334161 -0.259587206
-0.133915465  0.481732967
-0.077408226 -0.147599948
-0.010570106  0.166331149
 0.325490768  0.071880961
-0.029358575  0.164060514
 0.270373204 -0.420592836
 0.136033171  0.096295142
 0.493473286 -0.080524026
 0.165352522  0.020888314
-0.012076389  0.333114505
-0.403891126 -0.294740498
 0.209403542  0.259347776
 0.445433408 -0.227132302
-0.427171180 -0.259855318
-0.232923343 -0.238448797
-0.017630461  0.332866759
-0.282738032  0.176551176
-0.207528885  0.454897533
 0.371310943  0.334855472
 0.250144943 -0.220314820
-0.222449372 -0.447790442
 0.004465775  0.499980060
-0.218099552 -0.449925092
 0.364792686 -0.341944878
 0.122754439 -0.112734759
-0.166659701  0.001523884
-0.115171326  0.486554795
 0.081516880  0.493310249
 0.163996944  0.029711624
-0.210158631  0.258736280
 0.040174168  0.498383426
 0.442861841 -0.232106427
 0.462664438  0.189582754
 0.020545830 -0.332699536
-0.089548942  0.491915633
-0.030610038 -0.331924898
-0.072972036  0.325247897
-0.157622077  0.054157722
 0.199171959 -0.267285696
 0.007545838 -0.499943060
-0.491305333 -0.092838964
 0.255008359 -0.214666834
 0.060865656 -0.155155245
-0.025667634 -0.332343625
 0.192362970 -0.461515429
-0.457994566  0.200601548
-0.064695009 -0.153597962
-0.210816506  0.453383286
-0.499875654  0.011150507
 0.445646143  0.226714619
 0.499719609 -0.016742617
 0.302609441  0.139780680
-0.161823558 -0.473088934
-0.305727568 -0.132822311
-0.125236765 -0.109970590
 0.469193541 -0.172793009
 0.424904932  0.263544687
-0.101211959 -0.317596051
-0.499998297  0.001306333
-0.071793863 -0.494818800
 0.158945032 -0.050142346
-0.020479143 -0.499580432
-0.110625537 -0.314440937
-0.067899908 -0.326344473
-0.331638599 -0.033570107
 0.306059539 -0.132055560
-0.475498866  0.154598937
-0.192096831 -0.272414977
-0.246132913 -0.224788126
 0.151626852 -0.296850822
-0.387574635  0.315889072
 0.090321909  0.320863001
-0.148074065 -0.477571015
-0.499664597 -0.018311015
-0.231950823 -0.442943358
 0.199029569  0.458679882
-0.272273011 -0.419365485
-0.385461723 -0.318463912
-0.126255876  0.308497271
-0.274153324  0.189607667
-0.214720119 -0.451547643
 0.137528675  0.303639550
-0.065069089  0.495747937
-0.499679546  0.017898447
-0.199291450  0.267196614
-0.057253462 -0.328379588
 0.293892426  0.404508647
 0.489570919  0.101588970
 0.022863079  0.332548330
-0.279861547 -0.414339858
 0.354706613 -0.352396399
 0.323881351 -0.078816134
-0.250715189 -0.219665670
 0.299530779 -0.146261495
-0.100646205 -0.132846226
 0.307824195  0.127888145
-0.104451661  0.316545357
-0.115448309 -0.486489148
 0.442057208 -0.233635245
 0.026025695 -0.499322207
-0.458238410 -0.200043902
-0.044021873  0.330413661
 0.203939877 -0.456517831
-0.207645165  0.260757738
-0.120825549  0.310664287
 0.109282355 -0.125837772
-0.339843618  0.366751030
-0.395428178  0.306000913
-0.193940702  0.271105361
-0.321026789  0.089738027
-0.496105558 -0.062283854
-0.432722650 -0.250501720
-0.062502612  0.154503080
-0.325037984  0.073901433
-0.186340592  0.276384327
 0.372165206  0.333905769
-0.149120348 -0.298117819
 0.092441480  0.138680752
 0.071410505 -0.325594306
-0.180340377  0.466344670
-0.115628144  0.120032955
 0.117351739  0.118348416
 0.116487254 -0.312316878
-0.411988038 -0.283312300
-0.134850356 -0.304838472
 0.359736814  0.347259885
 0.242038044  0.229191400
-0.102245508 -0.317264824
 0.229203483 -0.242026601
 0.131369591  0.102566119
-0.360107724  0.346875238
 0.085284312  0.143193451
-0.158983811  0.050019257
 0.238219689  0.233157656
 0.195483565  0.460202324
 0.389304399 -0.313754822
 0.468051702  0.175862469
-0.137243411 -0.094562277
-0.493491243  0.080413905
 0.049730562  0.497520728
