0.6430260 0.6206543
0.8973468 0.6206543
0.3859336 0.6206543
0.3946992 0.6206543
1.1079398 0.6206543
0.3448678 0.6206543
0.9867121 0.6206543
1.1910006 0.6206543
1.2377672 0.6206543
0.4524060 0.6206543
0.5761876 0.6206543
0.6802282 0.6206543
0.6057606 0.6206543
1.1442212 0.6206543
0.9916377 0.6206543
0.7181526 0.7738311
1.1769772 0.6206543
1.0327883 0.6206543
0.4865115 0.6206543
0.9282342 0.6206543
1.0859214 0.6206543
0.9938639 0.6206543
0.6638755 0.6206543
0.4352101 0.6206543
0.3299464 1.0327728
0.5060667 0.6206543
0.7429396 0.6206543
0.9484164 0.6100504
1.2276929 0.6206543
1.2410767 0.6206543
1.2284676 0.6206543
1.0158904 0.6206543
0.6255244 0.4462807
0.6970877 0.6206543
0.7117565 0.6206543
1.2181241 0.6206543
0.6774645 0.1485740
0.9596309 0.6206543
0.6638892 0.6206543
0.6792565 0.6206543
0.8272765 0.6206543
0.8311395 0.6206543
0.3627677 0.6206543
0.3199508 0.6206543
0.8745392 0.6206543
1.1518870 0.6206543
0.3872237 0.6206543
0.6709761 0.6206543
0.7043407 0.6206543
0.6246892 0.6206543
0.8666640 0.6206543
0.3385877 0.6206543
0.3492827 0.8751066
0.5344935 0.6206543
