 0.344528533  0.884104251
 0.338065871  0.872216148
 0.282792431  0.959888480
 0.339638725  0.871545439
 0.408523563  0.924631074
 0.234735168  0.896185349
 0.326765567  1.016069616
 0.252507233  1.073956602
 0.329705069  0.932045225
 0.371229406  0.937538519
 0.289391478  0.974515784
 0.354936991  0.941357028
 0.294176224  0.977165271
 0.283835257  0.961858684
 0.114546446  0.904901741
 0.232630880  0.917343979
 0.373486010  0.897025347
 0.176683086  0.940986509
 0.308120465  0.862161513
 0.156797699  0.962135327
 0.264222768  0.969257761
 0.383259947  0.797782687
 0.245730304  1.012393294
 0.236484245  0.992976302
 0.394490136  0.923964423
 0.253180528  0.975819385
 0.286190294  0.945851627
 0.249278379  0.970792833
 0.217455058  0.913787665
 0.284902252  0.942782168
 0.228062308  0.955177897
 0.152371307  0.886274798
 0.151641151  0.891313031
 0.397062390  0.821098118
 0.190721482  0.918608696
 0.236756308  0.879672931
 0.365582031  0.865378975
 0.390374781  0.943948229
 0.343094981  0.852649060
 0.232755509  0.995138230
 0.292582867  0.897745764
 0.192768159  1.041250004
 0.395070918  0.896523808
 0.283360449  1.046389386
 0.319326558  0.909067272
 0.249592613  0.845336934
 0.406434773  0.984187633
 0.268247261  0.912754357
 0.238702928  0.860291524
 0.342962741  0.874424333
 0.898748114  0.471643205
 0.872860385  0.396565608
 0.876644650  0.303385405
 0.790509748  0.282413967
 0.862184673  0.481212051
 0.824957914  0.374271732
 0.893610899  0.409958103
 0.816037149  0.337149807
 0.882614377  0.306025352
 0.854989130  0.435418157
 0.901632912  0.484937377
 0.927766786  0.384710961
 0.898058909  0.374469598
 0.922931336  0.472158335
 0.870192186  0.417138926
 0.948733853  0.399556377
 0.865958336  0.337305861
 0.938698229  0.414044532
 0.856445236  0.376802758
 0.970422471  0.431119274
 0.835329514  0.442902907
 0.916363751  0.384567630
 0.933488998  0.322454133
 0.940173515  0.553746289
 0.943207091  0.354205787
 0.793825350  0.383435324
 0.887481991  0.434662414
 0.849635588  0.396761365
 0.773048351  0.261459818
 0.885251287  0.319145085
 0.900175097  0.431708845
 0.810515856  0.443448183
 0.939191822  0.462403975
 0.866238749  0.374636778
 0.842785012  0.432339415
 0.892148276  0.364495068
 0.875451229  0.303627051
 0.850781241  0.267631261
 0.825841782  0.411938311
 0.880349616  0.316194658
 0.858193586  0.390845545
 0.936852331  0.333635524
 0.866079792  0.337752926
 0.885887162  0.429258883
 0.856500638  0.443209423
 0.862635362  0.364121814
 0.816267420  0.373829599
 0.866287202  0.329539413
 0.941943766  0.401123252
 0.947665481  0.361632702
 0.774035445  0.025091416
 0.762864117  0.071908328
 0.786224682  0.081826395
 0.749036923  0.026698178
 0.847795149  0.047552457
 0.914515051  0.016561511
 0.714923208 -0.047224845
 0.940866624 -0.057463866
 0.760480852  0.018852835
 0.859377705  0.009757302
 0.704836044 -0.001705464
 0.857286103  0.049262442
 0.761761177 -0.049443044
 0.752851007  0.014609136
 0.742548310  0.057820651
 0.823001574  0.068845594
 0.755504562 -0.055620528
 0.748651456  0.060075201
 0.794654520  0.077707556
 0.671305444 -0.039384830
 0.808442969  0.143951397
 0.743506373  0.007813557
 0.751760723  0.068738062
 0.866012934  0.027538872
 0.933309910  0.035258533
 0.654947868 -0.020674859
 0.720330709  0.003852906
 0.739864709  0.010410283
 0.633266057  0.059662161
 0.717454800  0.037381589
 0.814599008 -0.035539726
 0.861492575  0.001005916
 0.725370618  0.040701697
 0.839453089  0.054954564
 0.822174644  0.107150532
 0.756826674  0.005090862
 0.834339946  0.010737969
 0.808320493  0.111953732
 0.775550443  0.033662587
 0.789863533  0.113019818
 0.842951092  0.000133358
 0.740936596  0.096559718
 0.713991773  0.093176502
 0.706344798 -0.090052715
 0.804596139  0.136413928
 0.782777864  0.011904679
 0.804092338 -0.037595534
 0.845949435 -0.023149195
 0.820555116 -0.098421855
 0.811404961 -0.051072608
 0.718589024  1.002295549
 0.757387371  0.948329699
 0.673232586  0.946966018
 0.667591327  0.959589245
 0.684400471  1.015791347
 0.630863055  1.009029834
 0.622978945  0.903075128
 0.696951014  1.101250486
 0.718498755  0.941886180
 0.673014379  0.944352843
 0.700365274  0.961386643
 0.701990228  0.923927118
 0.717032798  0.869055178
 0.697358859  0.947738299
 0.669824964  1.035944078
 0.710862697  1.020085183
 0.500661414  0.991035977
 0.789549300  0.962811159
 0.687572482  0.978180733
 0.620986594  1.007404904
 0.547734557  0.964739187
 0.680581099  0.958942925
 0.711091209  1.049214650
 0.777218294  0.951037436
 0.746604364  0.979048256
 0.689737624  0.949581512
 0.732717600  0.836987547
 0.720638309  0.983075846
 0.747335143  0.977340697
 0.632597026  0.933509676
 0.680555358  0.932034852
 0.747571911  0.934565900
 0.697537319  1.048280423
 0.708595627  0.906269786
 0.712118629  0.866284616
 0.688079856  0.988614055
 0.652129173  0.970390011
 0.705692984  0.894569375
 0.639389516  0.905728644
 0.682891714  0.897715590
 0.762804181  0.953976275
 0.715035061  0.998097146
 0.541954112  0.918372860
 0.750838825  1.022582915
 0.680560566  0.965721702
 0.727730726  0.963437742
 0.777057863  1.024751219
 0.630562835  0.899506470
 0.635988668  0.902088304
 0.785464754  0.943052480
 0.384034778  0.646141190
 0.385844296  0.627190337
 0.425835409  0.568237855
 0.502057116  0.693485254
 0.391434494  0.603683921
 0.424599082  0.655144352
 0.491362099  0.574662934
 0.505095450  0.557778916
 0.360867145  0.651790554
 0.476961368  0.631770202
 0.422761349  0.642387434
 0.457457486  0.715474383
 0.498930255  0.571878349
 0.445146876  0.650991006
 0.430104227  0.661497889
 0.458394693  0.676051537
 0.429575721  0.705254384
 0.424706932  0.642271730
 0.413831066  0.615688691
 0.427087546  0.698860430
 0.473743868  0.558918715
 0.368961629  0.716247067
 0.458763220  0.726410763
 0.419461681  0.670573609
 0.581701570  0.704423823
 0.346408329  0.632667401
 0.403376402  0.692862515
 0.298713434  0.590322861
 0.401982732  0.502366882
 0.426542153  0.719584654
 0.413634510  0.583006686
 0.407709464  0.690837592
 0.466576437  0.579497362
 0.412404429  0.598460596
 0.492773873  0.511258597
 0.372941014  0.665547230
 0.528349244  0.637369615
 0.497237281  0.570658437
 0.400087808  0.630441197
 0.468492210  0.748548609
 0.444378839  0.626937993
 0.535852985  0.691523212
 0.524974281  0.727157405
 0.567429715  0.557443334
 0.497031725  0.564058949
 0.392223232  0.645236819
 0.350440885  0.543625339
 0.437074622  0.693671068
 0.394537625  0.586156592
 0.498519398  0.652628739
 0.259790193  0.574729219
 0.166291105  0.539664595
 0.171612228  0.496342898
 0.269367974  0.487954733
 0.241996965  0.606935392
 0.191265545  0.555321021
 0.126719343  0.468265496
 0.216794554  0.514397569
 0.149716032  0.377870567
 0.189375266  0.498491875
 0.126684864  0.517977244
 0.117163398  0.445360783
 0.237263309  0.569719864
 0.237714956  0.519635833
 0.187631058  0.512153554
 0.194594437  0.614247146
 0.160918816  0.470127145
 0.161784523  0.605392157
 0.243431791  0.517445112
 0.235497006  0.475863826
 0.254645674  0.517755383
 0.216641092  0.476225337
 0.210689475  0.492938557
 0.151582526  0.515518772
 0.237379400  0.527626777
 0.263501126  0.458822409
 0.155838710  0.555974494
 0.070315182  0.550812851
 0.096548200  0.534216718
 0.282156486  0.370375746
 0.299283236  0.465450648
 0.133320760  0.542906233
 0.275755585  0.538909409
 0.175592891  0.548565412
 0.189337651  0.502689889
 0.218490272  0.578908872
 0.116304695  0.545118873
 0.269745696  0.521981952
 0.156192486  0.528884841
 0.258912680  0.639854866
 0.239155248  0.479112857
 0.236869889  0.509031826
 0.179618474  0.569774536
 0.188860372  0.545903295
 0.194268472  0.588148587
 0.136336544  0.503137060
 0.052004822  0.487744248
 0.180852426  0.586182022
 0.179006001  0.541000010
 0.268261368  0.546881141
