 0.7791353516  0.1143588921
 0.8860982447 -0.6098667259
 0.7973173786  0.0059909356
 0.9349764266 -0.2605029558
 0.5653798755  0.0082533715
 0.5668434054 -0.1384143521
 0.4973273253  0.0424565670
 0.7025029255 -0.2080974214
 0.7624222167 -0.0761005993
 0.6538273158  0.0086443141
 0.7791036993 -0.2720820836
 0.6446061925 -0.0067841484
 1.0166500546 -0.1328515337
 0.4235836132 -0.0403861264
 0.5548010624 -0.0505404097
 0.7035414420  0.0048621157
 0.9264862791  0.2177212733
 0.7838872842 -0.1829300609
 0.7463351433  0.0488577806
 0.5725499552  0.1703552219
 0.8846358586 -0.2641135871
 0.5421166444  0.0262085205
 0.4615830959  0.0627948218
 0.6436340514  0.2270558658
 0.2581473558  0.2658324067
 0.6533896100  0.0665239302
 0.5247834056  0.2059371116
 0.6095943377 -0.1244197432
 0.8661289150 -0.1405634761
 0.7896802315 -0.0880787543
 0.6520097509  0.3521415296
 0.5402028668  0.0587151698
 0.8002734270 -0.0245524201
 0.6694401575 -0.0765536916
 0.6723746834  0.3189824237
 0.6081039243 -0.1720629524
 0.4384472781  0.2035753550
 0.5649969411 -0.0631259901
 0.7135367260 -0.2232022226
 0.7393565607 -0.1162466104
 0.7137154573 -0.1485404233
 0.5011519181 -0.2554878272
 0.8533553748 -0.2442780574
 0.8201359705 -0.4043061684
 0.7094391468 -0.0787244883
 0.7624089480 -0.2423398713
 0.8657550931 -0.0803234588
 0.5585526774  0.0708812906
 0.7581087493 -0.0635238179
 0.7158345404 -0.1307708085
 0.4978578749 -0.0683868491
 0.5852030654  0.1431618816
 0.7970252662 -0.2070008488
 0.8562631299 -0.0873153468
 0.8384753697  0.0447882910
 0.9003424332  0.0870424113
 0.4327615627 -0.0748840121
 0.8215733966  0.2610556034
 0.6445961041  0.1875960452
 0.9722920709 -0.0255473985
 0.6650026590  0.0114999236
 1.0454115951  0.2979144906
 0.5965473034  0.1209233498
 0.8774856008  0.5814950171
 0.6654090197 -0.2077375197
 0.7772489497 -0.1657455402
 0.6642768168 -0.0317337389
 0.7491991956  0.0005020955
 0.7942082827 -0.0748573387
 0.6705828135 -0.3815479155
 0.8759137822  0.1322128422
 0.5593912453 -0.1436404832
 0.7708802955 -0.1498145255
 0.7202403576  0.2036131522
 0.4980374470  0.2445965216
 0.7781786860 -0.3828413297
 0.7920451332 -0.0040379478
 1.1510244694  0.2229335535
 0.5499904076  0.0520322830
 0.5254842073 -0.2037200962
 1.0163794782 -0.1295077637
 0.3656517585  0.1366353781
 0.9106881462 -0.2165108982
 0.6469478089 -0.0688718439
 1.0451227464 -0.1824647145
 0.6045408784 -0.0958160520
 0.6432121156  0.0543875655
 0.9167494598  0.1211165586
 0.6737434780  0.2744232613
 0.6443308793  0.0079873993
 0.5397858052  0.2617451892
 0.8562416808  0.2521757562
 0.7252248170 -0.1638040049
 0.6070658647  0.1882257162
 0.9702779791  0.0553778968
 0.9309612883 -0.0036950868
 0.4851733094 -0.1144328859
 0.6323445543  0.0266794385
 0.6959938513 -0.0338008089
 0.6599672265  0.0843690097
 0.0983574207  0.8005126579
 0.2639285204  0.5009794033
-0.0498999057  0.4127968713
 0.0779157260  0.6340528527
-0.2505261363  0.8288696639
 0.1211732750  0.7041376140
-0.2024762831  0.9431892256
-0.0530280219  0.4933412441
-0.1222145461  0.6765522880
-0.0170258696  0.7590412481
 0.2817748546  0.2599457268
 0.0170317194  0.4167516844
 0.2833740005  0.7099619658
 0.1757341656  0.6878674127
 0.2761657413  0.8137044701
 0.1211708052  0.4560370656
 0.0603331962  0.4927408252
 0.1031849603  0.6931509296
-0.1666016147  0.8033049059
-0.0772241855  0.8240229544
-0.0121834178  0.8426790803
 0.1942026316  0.9142649391
 0.0917380500  0.7309844614
-0.0251725760  0.6756624227
-0.0812703429  1.0358192008
-0.4030934707  0.8089286897
-0.0015865344  0.6975068079
 0.3378859581  0.4204613203
 0.2316183239  0.8158529407
-0.0702235045  0.8651651364
 0.0685823762  0.4858268642
 0.0293534945  0.5688743442
 0.1072462307  0.8725029448
 0.0719659528  0.7650091684
 0.1475847951  0.7263997551
 0.1895590784  0.8079709396
-0.0130507697  0.7498416071
-0.2022372372  0.6140423748
 0.0207273166  0.7995638858
-0.0634789879  1.0364620577
 0.1351109610  0.7757896327
 0.1111356448  0.7184095192
-0.1540883792  0.8676696553
-0.0105652706  0.5239294426
 0.0892619754  0.8081830207
 0.2355140246  0.7354966089
 0.1325856079  0.6682816127
 0.0884525707  0.5079359370
-0.0492811722  0.6168963451
-0.2458013701  0.9049985338
-0.0955507008  0.8475169439
 0.0681846433  0.6477519151
-0.0958510463  0.5731018379
-0.1275465806  0.8574076680
-0.0931515960  0.4678255833
-0.0607509017  0.5017496659
 0.0900167396  0.5304754880
 0.3451551861  0.6275278841
 0.0245506783  0.8973418665
-0.0087751674  0.7576435860
-0.0295233012  0.5538471931
-0.0107925235  0.6130399774
-0.0498135772  0.7383146271
 0.0964124063  0.4321288801
 0.0551960719  0.8208767546
-0.2844566172  0.5940940717
 0.3433328411  0.7791438241
-0.0231582902  0.7047968381
-0.2660748305  0.9453071107
-0.0253917621  1.1133370775
-0.3259609032  0.6273748342
-0.1311521611  0.5307875122
 0.0984081533  0.6283717159
-0.1175097252  0.9387710916
 0.1054818857  0.5653800538
-0.0772313343  0.5288730963
-0.1829538563  0.9505414287
-0.0862038293  0.6944977314
-0.1007098662  0.7758615814
-0.0561789500  0.8333791635
 0.1307897383  0.4091393606
 0.0238711648  0.6963771605
-0.0193934819  0.6022209844
 0.0366124564  0.5130005301
 0.0167614332  0.6628539837
-0.4662610880  0.5920391739
 0.0015440423  0.5589752725
-0.0930454741  1.0175868478
-0.0354077313  0.6518652705
 0.1832851926  0.7618968880
 0.0938887973  0.4672481477
 0.0580619393  0.4932837483
-0.1719093175  0.7149673982
-0.1677290870  0.6420831490
-0.0142408232  1.0437953003
 0.0187593635  0.6449936688
 0.0095888036  0.8496457108
 0.0459024794  0.7464273694
 0.4963570582  0.8365210044
-0.3116655963  0.6311146470
 0.8850692137  0.9387498785
 1.2270529582  0.7809523132
 0.9621758943  0.8304290394
 0.9761986398  1.0304467211
 0.9627313761  0.9180341551
 1.3518061832  0.7273930895
 1.2270939800  0.9187906580
 1.1917390813  0.6671429510
 1.0230841378  0.8489390672
 0.8514505897  1.6049653362
 1.3555006688  1.0374115993
 0.9716856297  0.6678241910
 0.8741028552  0.9279945201
 0.7235005493  1.2617445838
 0.8573017837  0.7325189718
 0.8926547597  0.8232266180
 0.8808265595  0.5099166803
 0.6654099951  0.7360604364
 1.0342373475  1.1457841169
 1.0370875289  1.0042824469
 0.7616284458  0.7611205139
 1.1064786702  0.7371860734
 0.9261836578  0.8459734352
 0.9273000983  0.7738857579
 1.2482144694  0.8480247736
 0.6606716417  0.8748337363
 0.9143060590  0.8752548936
 0.8327013319  1.0328012464
 0.7766429569  1.2080590730
 0.7066687127  0.9284679694
 0.8852829736  0.8080295812
 0.9289976569  0.9658167787
 0.9666747623  1.1287341800
 0.9593249293  1.1508331284
 0.8547955448  0.6950921814
 0.9533250607  0.6791279899
 0.9663248549  1.1279180639
 1.2186219355  1.1342494428
 0.8126161860  0.8023197759
 0.8591377753  0.9252066816
 1.0843276303  0.9034658468
 0.7719376401  0.9837276616
 0.4852468392  0.8424083309
 0.4315156793  0.8872527988
 1.1480120746  1.1407692790
 1.0189742456  0.9216927252
 0.8732091017  1.1579416175
 1.0271857045  1.1388944604
 1.0106605840  0.9239361235
 0.8636162973  0.7079736563
 1.1671709446  0.7968368873
 0.9321686346  1.1745913973
 0.7944038171  0.7751004573
 1.0039639363  0.9526982576
 0.9565484635  0.4115462960
 1.0373236250  0.5031723589
 1.1882902604  1.0480096042
 1.0334322947  1.1726567965
 1.0865568488  0.9134231003
 0.8840109554  1.1135521737
 0.8530471894  0.9390060260
 0.8276286527  1.1137778444
 0.7680104597  1.0049771049
 1.1394900942  1.1910588309
 0.8244349499  1.1142506753
 1.2087436313  0.5929032927
 0.9154989961  0.9475787980
 0.8541549746  0.7348183328
 1.1146254603  0.8038800064
 1.0624839842  1.0609681027
 1.3003746992  0.9916830739
 1.2356212752  0.6430939483
 0.8491201803  1.2737165968
 1.0340983525  0.8372240710
 1.0310573674  0.9601405764
 1.3331464567  0.9009574660
 0.8897548129  0.5817817274
 0.6993256221  0.9855815210
 0.7641324126  0.7920760545
 0.9917995166  0.7252460013
 0.9629250028  0.9512143645
 0.9019789846  0.7213066552
 0.8716021455  1.0723967631
 0.8668568614  0.8010310750
 0.9398149931  1.0097704570
 0.9961183446  0.9394728746
 0.7231622906  0.7176536731
 1.0052628540  1.0244121241
 1.1966209685  0.9669614327
 0.8015972295  1.1094488447
 0.9971619499  0.9295529124
 1.0138735486  0.8845568398
 0.9509347719  0.8449671241
 0.8372141183  0.8226506150
 1.2997385780  1.0411296568
 0.8132191888  0.5018748925
 0.9582376207  1.3720422728
 0.8149098724  1.0081281357
 1.3521549149  1.0363507838
 0.8046749137  0.7714067922
