 1.2044717155 -0.0406899699 -0.3290400071  0.0953555073
 0.7398460417  0.0114861333  0.0852227075  0.1523940545
 0.4524559587  0.0858185482 -0.0266006900  0.2492112344
 0.5298279191  0.1581084049 -0.0896785321 -0.3126239531
 0.5843842324  0.0758702349 -0.0086064436 -0.0535127232
 0.6091189205 -0.0837085288  0.3791128401 -0.2063534385
 0.4545571002 -0.1339160789 -0.2184529723 -0.1266882009
 0.6822801773  0.0462071113  0.1307756692 -0.0854996803
 0.7064560974 -0.0121091732 -0.1324791539 -0.2433741875
 0.8254976961  0.1201624019 -0.0232303267 -0.0963248211
 0.8890581529 -0.2249635320  0.0129553906  0.1614583532
 0.9248665665  0.0461011665  0.1858357309  0.0210002178
 0.5391299594 -0.2314310098 -0.1035070546  0.1436475922
 0.4602390663 -0.0662876857 -0.3227730091 -0.0052556674
 0.3850520923  0.0012518611  0.0680272149 -0.1162668786
 0.9634162624 -0.2533937574 -0.1598762914  0.2707964992
 0.3113504809  0.3145460226 -0.1328397179 -0.3455107946
 0.8219135834 -0.0200573883  0.3205265991  0.1770024736
 0.6762888812  0.0561477267  0.0111172903  0.1580297717
 0.5477630914  0.1333785436  0.0338097115  0.2729837152
 0.7719408081  0.1548018644  0.0970029706 -0.0072874607
 0.6222781110 -0.0787098588  0.1065403276 -0.1226434099
 0.5415088273 -0.0512073994 -0.0062901500 -0.1183423190
 0.7915206933  0.1030060939 -0.1021946489 -0.3827461386
 0.5842764475  0.1103448962  0.0525415482 -0.2106500246
 0.6637723031  0.0619848138 -0.0851659514 -0.1598524640
 0.6169586545  0.1085868778  0.2789798029 -0.0396114351
 0.8584806760  0.0370955352  0.0659930745 -0.0308505169
 0.8380422848 -0.1951920109 -0.2363598916  0.1801571067
 0.8378156091 -0.1878029049  0.0778064647 -0.2255013732
 0.5313161185  0.4847997750  0.1856750613 -0.1127972950
 0.5309618965 -0.1959707304  0.0319445785  0.0402707227
 0.5451891204 -0.0426869544 -0.0237285282 -0.0339575099
 0.8001861130 -0.0036919562 -0.2049864656 -0.0452383669
 0.9069963312 -0.0931951953 -0.1345888019  0.1170550741
 0.8074479555  0.1760370576 -0.1803822555 -0.0125993598
 0.8587685506 -0.2033218354 -0.1039517673 -0.1129431196
 0.7248021514  0.0695333687 -0.0449423507 -0.1541137918
 0.7486234734 -0.0938433017 -0.4047756675 -0.1210577296
 0.7045307436  0.1066111072 -0.4027861271 -0.2953470755
 0.3488657555  0.1162683348 -0.0866275890 -0.2172132614
 0.6349352919  0.1073633983 -0.1376774961 -0.0627439375
 0.6464389633 -0.1180292751  0.0134216589  0.0623465164
 0.4780798027 -0.0068988170  0.1646069650 -0.0740028466
 0.6387152415 -0.1742064523 -0.2137741722 -0.0710713680
 1.0148834179 -0.1515761036  0.3363570078 -0.3526030130
 0.4414211755  0.3354041460 -0.0472765787 -0.1793395495
 0.8416944316 -0.1929408304 -0.2730799893  0.0059073903
 0.4397099097 -0.0278217281  0.0453879065  0.0710596786
 0.6540712159  0.2076018556 -0.1224130912  0.0875917199
 0.7685155599 -0.0272643494  0.2242171775 -0.0220531349
 0.6313865230 -0.1102847190 -0.3236311126 -0.2912121910
 0.7512735550  0.1917420403  0.1634582196 -0.1077551236
 0.8653073224 -0.1569675891 -0.0645541479 -0.0213374214
 0.7434202929  0.0656072503 -0.0540240988 -0.0257154623
 1.0042664942  0.0535576553  0.2690428754 -0.1107430513
 0.5675810067 -0.0123839450 -0.0339981439 -0.0929622674
 0.6398158655  0.0123487035 -0.0511562707  0.2190198732
 0.7787963440 -0.0359010611  0.3468409828 -0.0823583737
 0.6080957854  0.0903729038  0.0642527251  0.0822252482
 0.1829082424  0.5133972270  0.0891598884 -0.1217812277
 0.0151686015  0.3399965205 -0.0144497506 -0.1958204917
 0.3895791351  0.6315646938  0.3015549074 -0.2961388584
-0.0246070377  0.6026797126 -0.2832707770 -0.3901377641
-0.4264193415  0.7080363916 -0.1205486127  0.2409162590
-0.0176760785  0.6239306375  0.1242841640 -0.1578285016
-0.0605231720  0.5353832350 -0.4482919751 -0.1570957219
 0.1069045995  0.7769812850 -0.0418553996  0.4018495562
 0.0221202881  0.8586305877  0.2072273083 -0.2589953620
 0.1275855464  0.5778855660  0.0309133346  0.0862901551
-0.1209775323  0.7335233291 -0.0629055174 -0.1420648032
 0.3560047485  0.5128686996 -0.0888027003 -0.3180786589
 0.1362295475  0.7614951096 -0.1151345986 -0.2884654902
 0.0463713839  0.7857474966  0.0036011211  0.1119473720
 0.2132178948  0.5420520111  0.0022456149 -0.0204535323
-0.1629263283  0.7598222655 -0.2844812168  0.1609916903
 0.0909711914  0.8264399736 -0.0800226971  0.1707444931
-0.1016324499  0.6536643898  0.0926494590 -0.0761862362
-0.0068245558  0.8939534926  0.1030644999 -0.1813462619
 0.2193068896  0.5653539851 -0.0488676347 -0.3622089992
 0.3831053557  0.8007966584 -0.0775318427 -0.1178913714
-0.1080493712  0.8341565228  0.2257775239  0.0734467610
 0.0274612413  0.6090007534 -0.1308272419  0.0802052086
-0.2035544603  0.3363928974 -0.1621817597 -0.0160301626
 0.1849834970  0.5957674620 -0.1734633863 -0.1530702835
 0.0086534051  0.5858079028 -0.0587523024  0.3881029515
-0.0862008059  0.7085028320 -0.1591617720 -0.0427837463
 0.0960833679  0.7983811697  0.0188253655  0.2218791742
-0.2667782501  0.7749932096  0.0869990650 -0.1651168726
-0.1209731038  0.7377939196 -0.0401758311 -0.1429043974
-0.2254308263  0.8608337300  0.1732927692  0.1081817995
-0.0216794906  0.7196272945 -0.2368250810 -0.1976962118
-0.1202025763  0.5509591687  0.0123141881 -0.0392248486
 0.0170602634  0.2955593593 -0.1613154114 -0.0589024637
-0.1275922299  0.9403635824  0.0993351392  0.0691348047
 0.0933042664  0.5419651621 -0.6757950415 -0.0004930593
 0.1941398668  1.0726415616 -0.0057164317  0.2608224419
-0.0889219572  0.5853227756  0.1936759970  0.4239691115
 0.1398866721  0.7588807465 -0.0555175683  0.3619237324
-0.0948704882  0.5251572950  0.0489687608  0.1592471636
 0.2221525762  0.6420463588 -0.0259600968  0.1074138178
-0.1838061290  1.0150158955 -0.0775526041  0.1972174968
-0.2855501068  0.4540171892  0.2236157070 -0.0145913659
-0.1548075406  0.8765288101  0.0998839643  0.0649749184
-0.0220644466  0.7159461633 -0.0378352902 -0.0597018657
 0.1149449278  0.6527215999  0.0036144430  0.0348651182
-0.0661495622  1.0822312812  0.1106592996  0.2404058648
-0.0775252606  0.5831154992 -0.0226697040 -0.0555379974
 0.0385353224  0.6813439046  0.0078125917  0.4437429074
-0.2526931323  0.6108770146  0.1462707342  0.0951786947
 0.1642789035  0.7391083825 -0.0653804317  0.1390899061
-0.3462428482  0.7181971400 -0.0101240755  0.0477249550
-0.0890678935  0.5019352665 -0.2208939360  0.0235645800
-0.1679627071  0.8239421993  0.1398976741 -0.1663817380
-0.0299420969  0.9484536770  0.0400541298  0.2393812717
 0.0044052528  0.7177979850  0.1802025844 -0.1063565958
-0.1036086227  0.4274617614 -0.1980236252  0.1304175048
 0.0534598779  0.7552263819 -0.2474104972 -0.1157470711
-0.2020513889  0.5949767067  0.1191472853 -0.2696683509
 0.0661698869  0.9409955258 -0.1921329108 -0.1055871752
-0.0434567533 -0.1790767313  0.6239499894  0.1696858905
-0.0512444678 -0.2251465564  1.0065857312  0.2721729699
-0.1757544186  0.1781939484  0.8775571867  0.1292892943
-0.1888633370 -0.0444973111  0.7883359083 -0.0408460040
 0.0482029774  0.0768580930  0.9946585571 -0.0843123695
 0.2405176595 -0.2676083964  0.7982984798  0.0585225077
 0.1014111131  0.1416059605  0.5186798995 -0.0003795765
 0.0371437383 -0.2326615295  0.6144929257  0.2090054307
-0.0264287325 -0.0710610464  0.7886603267 -0.3297249675
-0.1698163337 -0.4017319155  0.5134846575  0.0587261772
-0.0238021877 -0.1313471483  0.7777195646  0.0376582051
 0.1569899890  0.0015793164  0.6548720821  0.0937140670
 0.0474005918  0.0548235949  0.6899944884  0.4428299139
-0.0996878699 -0.0089300391  0.5716501608 -0.0954634384
 0.1694116405 -0.2504491845  0.6450331359 -0.0216834265
 0.0301705433 -0.3032504694  0.7365485450  0.0888195458
-0.3264576550  0.0048689671  0.8538052601  0.1267747488
 0.1814917491  0.0450775548  0.9071569511 -0.1017172110
 0.0182492847  0.0501912687  0.3418501974 -0.2373139967
 0.2032960887  0.0725132914  0.5501634928  0.0524451710
-0.2622207686 -0.1278722497  0.5239981642  0.1504912314
 0.0888985614  0.0772343849  0.8399855619  0.0761334983
 0.0229346004 -0.0690753457  0.5206322040 -0.0191327142
 0.0812011113 -0.0113483071  0.3282074014 -0.1850120349
-0.3766735570 -0.1208940641  0.8212303315 -0.2245347541
 0.1789296623 -0.0328163735  0.6453491568 -0.0968266746
 0.0158689511  0.2801454013  0.7511610092 -0.0636919694
 0.1880987338  0.0781933461  0.5414098186  0.0326827994
-0.0050887221 -0.2066679306  0.6855398639  0.1420148578
 0.4664609554  0.0762020750  0.7222930646 -0.0220759759
 0.1719716378  0.0027955242  0.8991217928 -0.2129067629
 0.0872477265  0.0782827497  0.9778699866 -0.0478434640
 0.3077974879  0.3123579714  0.3447225174  0.0185256314
-0.0862243358  0.0710453294  0.6650054122  0.2118040225
 0.1543852173  0.0150983936  0.7541962625 -0.0286282152
 0.1569586260 -0.0466587054  0.7281199712  0.0657991174
-0.2034150344 -0.2078382318  0.5539539022  0.0218629777
 0.2765651898  0.0335753027  0.6973561324 -0.1253133335
 0.0742000904 -0.0384722413  0.8502863817 -0.0099890301
-0.0570999517  0.0854464547  0.7112009823  0.1761840884
-0.2162541471  0.0905381006  0.6014218552 -0.0866875316
 0.0120899901  0.3285019434  0.7977356611 -0.2477912756
 0.2309003358  0.2226258265  0.5826190228  0.2071353578
 0.1918642224  0.2198526787  0.7005072935  0.2482298382
 0.0412225660 -0.0110937804  0.6774433740  0.0154012629
-0.0754345613 -0.1594469133  0.5283952354 -0.0201381371
 0.0138807776  0.2432368124  0.6415146397 -0.1634131673
 0.3961374530  0.2357370987  0.6718944522  0.1151471196
 0.0467058593  0.4351284927  0.7821017502  0.0364656233
 0.1574822780 -0.1062383527  0.8523426434 -0.0125165669
 0.1572218691 -0.0133277621  0.4286912079 -0.0380430949
-0.0791559724  0.0180415490  0.9282649936  0.0650255687
-0.1611621572  0.2480011909  0.5372890651  0.0151524497
-0.0399016389  0.0955440493  0.8425851656  0.0204090712
 0.3856697972  0.2166460027  0.7512865524  0.0143525013
-0.0354159975  0.1339865318  0.6388236658 -0.1783454590
-0.3633823119 -0.1195426101  0.8294029349  0.0181916546
-0.0299586928 -0.2317356549  0.7174031617  0.3133184550
-0.0258312353 -0.0082912013  0.7286305668  0.1439164019
 0.0715688370 -0.0356348781  0.5930335232 -0.0740412428
 0.1903101363  0.2258258977  0.2022770628  0.6314917974
 0.1810966942  0.0474653603 -0.0063191880  0.5870756404
-0.1414824807 -0.0122333624 -0.1433546577  0.6526608447
-0.3135971139 -0.1753310462  0.3182326921  0.6101525884
 0.0161734954 -0.0773606214 -0.2581430639  0.7931958719
-0.3903739335  0.0821002763 -0.1510298987  0.6660410841
-0.0392132027 -0.1625052881 -0.1497429389  0.8094121436
-0.3503821645 -0.0684118156 -0.2522563791  0.3866001243
-0.0903630301 -0.1685691683  0.1160489588  0.6402848813
-0.0481177537 -0.0015496236 -0.1645182084  0.7569342658
 0.0766337197 -0.1678359021  0.0463465072  0.9106230124
 0.2150664304  0.1587726660  0.0318800276  0.8341015590
 0.0283602439  0.0087765014 -0.0114216797  0.8682972330
 0.2122759486 -0.0272951850  0.0091046127  0.4166295746
-0.1835020201 -0.0799010479  0.2760526012  0.6212170115
-0.0382761550 -0.3495586423  0.0096564982  0.7524640597
 0.0665811218  0.4366627285  0.0569724885  0.6300686746
-0.2967571203 -0.1217022859 -0.0288955519  0.6085326498
-0.0075325011  0.0670158020  0.2297800189  0.7312111951
-0.1635467503 -0.3396932883 -0.0212766949  0.6284270007
-0.0136526016  0.3485367182  0.1806068267  0.6508381890
-0.0753933779  0.0635468003  0.0337078089  0.4762016183
 0.4469676334 -0.2467738164 -0.2703510263  0.5033862104
-0.0842570883 -0.3241124882  0.3950905841  0.9400681068
 0.1512757405 -0.0568704253 -0.0840143890  0.5686076693
-0.0628252783  0.0289354109 -0.0316511368  0.5564697851
 0.0253268490  0.0674054691 -0.1968764804  1.0367044129
 0.0468747754  0.1113404755  0.0070043985  0.5126855757
 0.1134929616  0.1183044832 -0.0468659009  0.8472951650
-0.2071728000  0.2790783851  0.0622506289  0.8282676879
 0.0618795295 -0.2470660937  0.0757413714  0.8873358268
-0.1347683597  0.1118060048  0.2868359139  0.7629125070
 0.2564380554  0.0249913973 -0.1280611041  0.7573345228
 0.1430585218  0.0711669039 -0.2519961978  0.8473333194
 0.1210761791  0.0666247296 -0.2930671455  0.7100879652
 0.0613055896  0.1198090877 -0.1314785998  0.7901496067
 0.1624529431 -0.0416958797  0.2181711098  0.7226550345
-0.2127207089  0.1790981007  0.0772319199  0.5790077821
-0.2775791360 -0.4519192239 -0.3590328007  0.8278326505
 0.2355490954  0.1285002736  0.2543809248  0.9334198644
-0.0979013396 -0.1781688726 -0.1405423385  0.8255401649
 0.0400824358 -0.1305776588  0.1904515898  0.9936916345
-0.0110720407  0.3285111282 -0.0113371149  0.9383351192
 0.0362091099 -0.1845007552 -0.0375378641  0.5212708385
-0.1873066762  0.2161218395  0.3225442604  0.6092972346
-0.2458699766 -0.2428656496 -0.1104957093  0.5770895560
-0.4256068874  0.1613688769  0.0809399194  0.6924181050
 0.0419671786  0.0727021977 -0.1665045662  0.6749300492
 0.1315551719  0.1650661294  0.0690729114  1.0043753769
-0.0477011588 -0.1035178084  0.1118381076  0.8265063990
 0.1202114406  0.0124764988  0.0518534171  0.5612944218
 0.0414283532  0.0733155680 -0.1701121832  0.9202717521
 0.1654781318 -0.0861628055  0.3490197390  0.5766939803
 0.2349451298  0.2659446702  0.0739549720  1.0025512162
 0.2930930184 -0.0009148123 -0.1635496805  0.7071285161
-0.1262628348 -0.1861780976  0.0819969220  0.4803420994
 0.0295608167  0.0335682333 -0.0546807688  1.0074538605
-0.1724015723  0.2169643461 -0.2680699240  0.6890319472
 0.0303415667  0.0034820585 -0.0628266433  0.6713948723
 0.0558764596  0.1457866447 -0.0556177674  0.8227473552
 0.5068153501  0.3163788768  0.7556729859  0.4923918527
 0.9280719285  0.5085101714  0.7043963034  0.4652518165
 0.7767860348  0.7681589923  0.7631243198  0.4590650918
 0.2741500879  0.4497928388  0.6650895079  0.3635028642
 0.5134098137  0.8739846000  0.4693328503  0.5037166201
 0.4470458816  0.3808578318  0.4166844745  0.8163785196
 0.7675159598  0.5978622228  0.4748395081  0.6177812962
 0.6380159611  0.3531055735  0.8892047588  0.5113877771
 0.5108877630  0.6217402007  0.6255326760  0.7239558018
 0.4875908988  0.6977012807  0.5715685035  0.4579998432
 0.4669603998  0.4684149615  0.2362213462  0.3968031564
 0.7019845355  0.9503614572  0.5286464331  0.6104242128
 0.7602144861  0.9685207823  0.6269789903  0.7427492510
 0.7258740548  0.6135495967  0.5865681793  0.3223942756
 0.5432408063  0.4780633200  0.4982380103  0.5862081126
 0.6912029520  0.8492698382  0.1784510688  0.5980005740
 0.4506871049  0.5876338536  0.3913874796  0.2725745445
 0.5869638252  0.7571856613  0.7727075696  0.4775916987
 0.4759708562  0.6764074450  0.4567823262  0.6368302488
 0.8511576501  0.4357797866  0.3817138720  0.5512260733
 0.6659415495  0.2980937938  0.6315066091  0.6929315659
 0.5526950349  0.5193177182  0.5482876437  0.3839194739
 0.4781876019  0.5762739481  0.4627519844  0.5380473388
 0.3702498612  0.5752455367  0.7475744587  0.4059817161
 0.2854358484  0.2543504003  0.5821268227  0.4600348974
 0.4465022341  0.5564258766  0.7220720998  0.5931384337
 0.5356411142  0.3534927154  0.5338288590  0.6094561495
 0.5384583919  0.9778167105  0.5476845170  0.3510859321
 0.7871895333  0.4369483057  0.5004927799  0.7602380741
 0.3825676649  0.6429771523  0.5253162203  0.4263044233
 0.5890915962  0.1250589991  0.5516859234  0.8910573897
 0.6722462789  0.6457391950  0.5730335086  0.6560367403
 0.4901909774  0.7990875423  0.0752073945  0.7213779726
 0.4640498824  0.4756441672  0.7847502412  0.6525396589
 0.3761612785  0.6765417591  0.7664132853  0.7562665676
 0.7318995896  0.5940219078  0.6959176237  0.4761032067
 0.6809235689  0.2549052131  0.4319532826  0.3529628515
 0.7129617639  0.7436286929  0.3852809108  0.5750191491
 0.6709776060  0.6106908330  0.8062108228  0.3235862633
 0.4593282643  0.6062584156  0.8456505162  0.5924828267
 0.2242222342  0.6034510954  0.6540784874  0.3356078685
 0.7017586616  0.7222875772  0.5759680585  0.4500300916
 0.5078283654  0.6176416191  0.7195404147  0.6435240132
 0.5283785486  0.7452665475  0.3483427743  0.5741744239
 0.8681294573  0.7039781518  0.4261643922  0.4809375006
 0.4068656030  0.4904493129  0.8109399716  0.4684780812
 0.6647730302  0.7965573192  0.3335600892  0.7250877107
 0.5454228658  0.8180730055  0.7555330811  0.4710191798
 0.4448016429  0.5174811802  0.4108392521  0.7922475682
 0.5982194557  0.4557676149  0.8597357247  0.3399914406
 0.5085074005  0.1198530113  0.4158319285  0.6221985633
 0.4633376344  0.6371156890  0.4120346856  0.7602414731
 0.6872632505  0.4922127018  0.5370353445  0.3620561508
 0.4027047090  0.9029382194  0.4709173503  0.5394757584
 0.5564630333  0.3395642242  0.8526792434  0.4722774789
 0.6092016859  0.4343545464  0.6877606387  0.7154650051
 0.6398775448  0.3206693966  0.6871780285  0.6484879669
 0.5740679779  0.7113433621  0.6502042147  0.7760153076
 0.2686183612  0.5419659585  0.5982641657  0.4368525557
 0.2678764822  0.4549019366  0.6047046646  0.4551184935
