 0.661090389 -0.118405338 -0.019508902
 0.274329773 -0.083705002  0.100289429
 0.614681682 -0.056332875  0.030329255
 0.522881910 -0.015778978  0.048785280
 0.336006561 -0.147425099  0.050134001
 0.639209775 -0.200332475 -0.060199878
 0.577282992 -0.112753540  0.086758135
 0.422255179  0.125257150  0.132606036
 0.626320889  0.060011807 -0.114571669
 0.814499500 -0.130511924  0.046489788
 0.906346459  0.010443028 -0.069254820
 0.646926761 -0.199563249  0.215195386
 0.693960232  0.237825609 -0.076967859
 0.265644548  0.071268546  0.003588645
 0.779152947 -0.038732175  0.193622117
 0.854888246  0.002509454 -0.067268288
 0.913116408 -0.291483056  0.107929280
 0.538381691  0.158236244 -0.066325435
 0.671813123 -0.065467447 -0.184274278
 0.780141893  0.099512813 -0.238314812
 0.639427757 -0.015530025 -0.034712017
 0.926413063  0.277672119 -0.139719337
 0.883373027 -0.163662586  0.026825724
 0.742054802 -0.080950252 -0.231046779
 0.661298457  0.120165815  0.109289017
 0.836871338 -0.051552866 -0.165813333
 0.994730501 -0.055206527  0.143548737
 0.591647359  0.169054018 -0.029425035
 0.651024651 -0.336003646 -0.173425033
 0.811556294 -0.049161386 -0.195481815
 0.831636775 -0.349191708 -0.038916706
 0.677576873 -0.187163739  0.197331714
 0.866454091 -0.139639241  0.101910487
 0.739122503 -0.007837702 -0.094409746
 0.704607147  0.046788691 -0.105381758
 0.838611611  0.118078895 -0.158435675
 0.900304508 -0.113960244 -0.090866015
 0.803111716 -0.198073542 -0.127648283
 0.601646089  0.075274796  0.335674473
 0.604861599  0.161115220  0.320731274
 0.910438589  0.323472852 -0.151578091
 0.912544379  0.168427902 -0.006815848
 0.500033466 -0.286550058  0.301689985
 0.554328016 -0.002832290 -0.115057366
 0.590660457  0.232740833 -0.022549302
 0.741893900  0.059566652 -0.107456896
 0.667495550 -0.305674831  0.170693599
 0.681003229 -0.366337767  0.103622297
 0.454114146  0.024782919 -0.252218768
 0.726333254 -0.406616965 -0.285277419
 0.691707199 -0.035590950  0.193201083
 1.159796059 -0.121858498  0.178994539
 0.731366573  0.039916832 -0.119101604
 0.786163750 -0.181422424  0.287065071
 0.657397746  0.006658742 -0.099404968
 0.922508238  0.134025816 -0.108251549
 0.716607547 -0.677770758  0.012526825
 0.788904749  0.037363166  0.094512500
 0.761559145 -0.174193333  0.155552897
 0.971379974 -0.263705619 -0.026820854
 0.484595243 -0.295208588 -0.399112646
 0.758452716 -0.003683473 -0.170085047
 0.945242617  0.090685608 -0.090368332
 0.815857165  0.209053252 -0.090235239
 0.697473654  0.181126912  0.042433480
 1.014146624  0.314636479  0.028744111
 0.779115525 -0.081836987  0.024672488
 0.796263224  0.294116125  0.001273962
 0.828392134  0.031550890  0.158553948
 0.557157403 -0.007678741  0.136283210
 0.745832828  0.088953632  0.113953902
 0.232573707 -0.023171045 -0.168299158
 0.862411216 -0.344438773  0.157831144
 0.524797573  0.015627528 -0.353574655
 0.761397247  0.152506328  0.224810173
-0.203784651  0.615304011 -0.195947314
-0.007619171  0.676294588  0.045064159
-0.187074410  1.014062279  0.121672516
 0.020603736  0.742679550  0.068146052
-0.072569280  0.617670938 -0.095823539
-0.142284161  0.852873240 -0.164210595
-0.189643196  0.730756685  0.069809730
-0.219606529  0.672234947 -0.293295179
-0.081619371  0.803274535 -0.226236978
 0.113950493  0.864800020  0.036166498
 0.205187006  0.625073218 -0.388379021
 0.011767554  0.800003054  0.271982998
-0.114362254  0.442259011 -0.393055991
 0.177549452  0.369545906  0.015387554
 0.076692595  0.936597514  0.133293406
-0.010642926  0.761556545  0.339170652
-0.394381969  0.835667887 -0.117742331
-0.358272623  0.717331004  0.012726351
-0.021963912  0.664120239 -0.042274943
 0.024200965  0.532840655 -0.083009105
 0.121764315  0.595517918 -0.159212540
-0.203427662  0.751089539 -0.234424784
 0.123573966  0.630938825 -0.103995549
 0.338159168  0.461662378  0.010648034
-0.241371374  0.686117709 -0.072403111
 0.028207783  0.698516275  0.142768369
 0.315310370  0.698528215  0.093974159
-0.057761358  0.850180052  0.025483594
 0.159825829  0.554898625  0.041417445
-0.054111491  0.499469700  0.085583700
-0.275489560  0.711554945  0.226656491
-0.187990240  0.626089796 -0.064837832
 0.255747590  0.488131217  0.129146365
 0.221010438  0.788983368 -0.017959404
 0.272958699  0.407930801 -0.120231223
 0.011171903  0.713413578 -0.082203525
 0.093361752  0.719483093  0.059015317
 0.139613794  0.629681806  0.091309773
 0.304441401  0.710338527  0.221133515
-0.194942295  0.599092524  0.130405321
-0.180426002  0.663370544 -0.311051504
-0.046465766  0.673137361  0.333425355
-0.222635971  0.715775991 -0.093138530
-0.023727416  1.081412084  0.039880088
 0.055297051  0.515171068 -0.006156050
 0.258931606  0.611022421 -0.131365475
-0.161149286  0.700886244  0.132143098
-0.128094063  0.753433685  0.393817237
-0.198133439  0.732183280 -0.021329291
 0.100595335  0.720852574 -0.416312150
-0.280744444  0.621146821  0.007262293
-0.127600151  0.941030167 -0.152670051
 0.020837681  0.508288011  0.153557629
-0.008353687  0.722681745 -0.029549664
-0.179902577  1.046316166  0.117923838
 0.140950004  0.582573978  0.080129323
 0.104269435  0.830778735  0.200943635
 0.041376672  0.574730183  0.158063567
-0.014380377  0.776494760  0.083320200
 0.151943906  0.490189409  0.139250216
 0.098283742  0.513655151 -0.355500294
-0.254898166  0.651195076 -0.177894383
-0.188423715  0.572824367  0.271669817
-0.228402485  0.675813516 -0.213241136
-0.037256583  0.774775108  0.076749533
 0.292489260  0.554730725 -0.005459786
 0.188117734  0.601956421 -0.027554552
-0.017271858  0.629558364 -0.032676119
-0.030845067  0.754588077  0.048736235
-0.191349316  0.639065576 -0.028939295
-0.099311854  0.634680496  0.027719713
 0.066100310  0.728341419 -0.615484589
-0.017476940  1.014353308 -0.221570655
-0.031983665  0.753684567  0.186450347
 0.225335409  1.061273146  0.036055011
 0.008522717  0.329743399  0.838565148
 0.084986584 -0.308355236  0.810966756
 0.130787729  0.163499897  1.006337007
 0.105666974 -0.033248282  0.635204501
-0.563401138  0.076452810  0.536378707
 0.137115154  0.079050649  0.761548840
-0.032788939 -0.523474238  0.680058304
 0.225883851  0.290423234  0.781503047
-0.099935421  0.227639883  0.863088222
-0.318841290 -0.193241893  0.761613754
-0.069051404  0.035216372  0.467649989
-0.210618206 -0.386613432  0.679982872
 0.151723516  0.249722409  0.737417298
 0.127086019  0.153074458  0.295032158
-0.108528343 -0.118671660  0.622034004
 0.160324070  0.366708292  0.812868257
 0.138067149 -0.176495534  0.687939604
-0.218213638  0.155610644  0.862183551
-0.083606720 -0.022756575  0.632954370
 0.039070813  0.162214269  0.759486840
-0.108815047  0.342716742  0.771451707
 0.043650574  0.213203041  1.052410196
 0.037923888  0.027855691  0.799508571
-0.249230019  0.139679759  0.718134546
-0.210279411 -0.048183179  0.436539969
 0.113107081 -0.114868570  1.171319312
 0.117403279 -0.233330020  0.705241544
 0.043669859  0.240748584  0.695899449
-0.009477238  0.141254997  0.675769909
-0.095688781  0.203792176  0.475006806
-0.104985605  0.330035710  0.724542745
 0.231071042 -0.303776512  0.680764352
 0.017086298 -0.042596542  0.755221126
-0.053155403 -0.022649406  0.647879019
 0.080166296  0.025706945  0.632613360
 0.100995201 -0.095083781  0.519134274
-0.080123242  0.048780425  0.975899671
 0.084472518  0.101792229  0.537336086
-0.062314899 -0.076177633  0.810922861
-0.100196185  0.162580020  0.971348390
-0.055933203 -0.148799596  0.661217275
 0.105067065  0.044143482  0.755619889
-0.104368001  0.270905829  0.715594109
-0.173766131 -0.343390563  0.585468590
 0.241525787 -0.234270146  0.552077751
 0.105530632  0.065557832  0.942314539
 0.072665320  0.023008027  0.920515357
-0.026900754 -0.183426959  0.750691063
-0.160355338  0.170435517  0.608604660
-0.031414268  0.019086659  0.655417780
-0.362706406  0.389014218  0.566136223
-0.049164764  0.192201583  0.833284497
-0.311887267  0.028823722  0.842383823
 0.398075532 -0.298427254  0.805148031
 0.101330194 -0.092183339  0.683386872
 0.028270621 -0.118573414  0.721455311
-0.190830991  0.220781794  0.865183832
 0.039067444 -0.183465140  0.664278212
 0.114266973  0.108008892  0.740149854
 0.065265523 -0.124306074  0.905703814
 0.055561421 -0.129356770  0.855465448
-0.032556542  0.077257925  0.780787649
 0.031380865  0.290711202  0.628872734
-0.050011360  0.280551203  0.574498282
-0.265145212  0.002011186  0.694993546
 0.142008018  0.072182945  0.488689013
 0.101986858  0.138348201  0.297918255
-0.047817302  0.055471289  0.791745359
 0.336571250  0.012475788  0.722299904
 0.040409512 -0.157529876  0.583608703
 0.057233903 -0.024796975  0.690863408
 0.060704153 -0.154490751  0.830727917
-0.172500147  0.249612068  0.703754841
-0.101285383  0.051784696  0.992075862
-0.079524439  0.239020504  0.575443377
 0.970451321  0.392946957  0.957694349
 0.520576997  0.619835481  0.471518299
 0.719394016  0.588911840  0.705565505
 0.583616624  0.761841367  0.976893397
 0.995836421  0.719108996  0.634093768
 0.663915101  0.909167264  0.872703510
 0.564859883  0.753198024  0.701461781
 0.793241932  0.741604577  0.682205552
 0.501249027  0.934725712  1.100854678
 0.816261433  0.853797729  1.193315440
 0.409371991  0.848493369  0.643752763
 0.727261080  0.685450455  0.633344038
 0.802381709  0.776243337  0.738126756
 0.713092334  0.690965236  0.819824582
 0.841498662  0.483417441  0.520650334
 0.552403681  0.523599431  0.620158085
 0.676908375  0.833655508  0.884192920
 0.731334032  0.858904883  0.887057385
 0.715795561  0.933936089  0.770246379
 0.936223565  0.887911929  0.873014209
 0.537006815  0.679534019  0.789706970
 0.532361807  1.039021429  0.527094149
 0.717414230  0.152864611  0.597236416
 0.840901621  0.814596608  0.835843912
 0.752693504  0.614573917  0.633334797
 0.466365069  0.762037675  0.678862758
 0.697118755  0.407397649  0.939843821
 0.766138867  0.706255143  0.495686435
 0.591031360  0.655543822  0.874089239
 0.915036774  0.697160176  0.615055116
 0.963227528  0.618702936  0.617127541
 0.785275628  0.544868048  0.644244512
 0.969379144  0.990691839  0.645297584
 0.681335279  0.634822249  0.784569931
 0.281384994  0.646477286  0.371066968
 1.003107657  0.801586992  0.887190446
 0.519656505  0.718235493  0.841276413
 0.687361387  0.772055739  0.849891858
 0.667220314  0.650153220  0.662161757
 0.370253739  0.958901556  0.421037038
 0.750898569  0.723009494  0.568426042
 0.564759136  0.686085788  0.610023960
 0.545601050  0.787927089  0.742970037
 0.696929695  0.646931580  0.729233440
 0.748176675  0.599323052  0.724183182
 0.899624929  0.512949821  0.467243972
 1.050983942  0.835692122  0.533850159
 0.327663892  0.616197159  0.816957297
 0.753425912  0.943252079  0.385178256
 0.638487057  1.110550102  0.684483518
 0.926110710  0.566370630  0.769379622
 0.700736040  0.600067058  0.491881872
 0.719397390  0.941706009  0.787016084
 0.678578389  0.847782178  0.618821768
 0.556495964  0.678370613  0.475017712
 0.736985433  0.758655558  0.678473586
 0.906555879  0.809615976  0.851917209
 0.939459133  1.046261774  0.581606273
 0.580387890  0.606918051  0.721145067
 0.618059965  0.634997273  0.405594294
 0.886199095  0.827156195  0.960356453
 0.653363928  0.407307177  0.652870850
 0.674307056  0.770082038  1.117843877
 0.684327499  0.651109572  0.508833881
 0.593966463  0.674106018  0.909027026
 0.808082693  1.079467466  0.730214093
 0.764971376  0.722243183  0.661131764
 0.729499051  0.673802078  0.456854325
 0.705433550  0.971082918  0.728976921
 0.983737346  0.404359892  0.756946568
 0.807975478  0.679932588  0.622766260
 0.606146007  0.814713221  0.764460576
 0.894360468  0.649355659  0.597394377
 0.608394163  0.562078798  0.823136680
 0.381435861  0.777088778  0.361441339
