0.258136002 0.757293483
0.369674361 0.678322343
0.449038567 0.574543484
0.477302180 0.695711328
0.375650139 0.439082172
0.454598838 0.699293838
0.351109979 0.682103964
0.342331061 0.680133350
0.415861324 0.705597052
0.312203114 0.744134772
0.232977845 0.658972431
0.367319808 0.630652458
0.424532927 0.803018370
0.423108999 0.466547956
0.417255952 0.655562021
0.428860604 0.655577729
0.257745947 0.724966997
0.442013588 0.684102299
0.333565319 0.714174319
0.311764934 0.536831942
0.275161588 0.698332994
0.333365373 0.532728734
0.455453345 0.600383689
0.290266385 0.695206950
0.432619896 0.659035824
0.264081689 0.644654244
0.409016240 0.498742723
0.344382732 0.594275425
0.397471490 0.776231690
0.376348628 0.708310641
0.401805132 0.694120311
0.420251391 0.631545521
0.305360889 0.625844831
0.265049070 0.837319673
0.452187055 0.655394499
0.489883860 0.672670769
0.273835289 0.721242019
0.311048746 0.716031853
0.414077490 0.681534697
0.334916891 0.629362796
0.269024472 0.711516825
0.430837089 0.602012148
0.451010689 0.713446529
0.284010204 0.636081326
0.568648526 0.743618776
0.356324328 0.694108784
0.307137014 0.689359062
0.340213613 0.642389350
0.597152604 0.699891401
0.405530952 0.564551099
0.730910143 0.993375578
0.877296611 1.025747340
0.636058582 1.001867860
0.683229916 0.806134759
0.707430642 0.876470161
0.792086512 0.883072428
0.808039247 0.999091718
0.681083016 0.927385033
0.507628490 0.966677693
0.649774739 0.870679875
0.768641986 0.868691285
0.681250713 0.906554862
0.729592946 0.875961080
0.717627681 0.827078799
0.750652894 0.872658793
0.737121418 0.875502084
0.639464064 0.948048946
0.799621956 0.924627757
0.758479892 1.062252531
0.800758454 0.973099186
0.565713670 0.979081542
0.713414744 0.900659195
0.744269604 0.966894505
0.730098902 0.813184934
0.789991983 0.699980538
0.696694896 0.884134816
0.714050142 1.037739021
0.730094142 0.891909959
0.703398942 0.913446528
0.648492744 0.921140874
0.613683379 0.938427042
0.668219596 0.954887993
0.671049575 0.980416190
0.666144221 0.918112439
0.612102698 0.914882386
0.575130681 0.820060534
0.541745753 0.946663790
0.599951463 0.861782269
0.658067649 0.965798276
0.634119988 0.854399861
0.757200688 0.959208112
0.793163519 1.061437669
0.685205690 0.953709948
0.677759895 0.962006390
0.670277776 0.996739754
0.745734049 0.847251697
0.609004877 0.800685450
0.686657061 0.920162966
0.639409396 0.910324309
0.750649649 0.884718170
0.639883796 0.074273524
0.633476697 0.159935336
0.640789231 0.082803342
0.663271667 0.131052022
0.520980940 0.261189532
0.629093329 0.051108564
0.540530385 0.144328547
0.616508301 0.145121504
0.649333561 0.283414374
0.545579054 0.122982155
0.616503735 0.004163842
0.633625466 0.147286548
0.702714415 0.034153723
0.608236241 0.174897398
0.583586454 0.213563010
0.669959028 0.167263603
0.565960971 0.181675884
0.466173735 0.109767957
0.659658194 0.186786803
0.603809355 0.070791122
0.614405748 0.342828711
0.602605283 0.223879973
0.789172849 0.260593173
0.670013032 0.167444777
0.503443470 0.277458743
0.550723080 0.175637273
0.632562127 0.118850337
0.632916447 0.172548415
0.645175345 0.204091479
0.666567417 0.018030224
0.592383305 0.153489366
0.619087364 0.124943002
0.613613938 0.129567188
0.617038176 0.285383049
0.596317878 0.324956677
0.595836761 0.040031126
0.612373114 0.247209428
0.614958866 0.206869764
0.604277024 0.104998120
0.568865947 0.010647907
0.798032063 0.198799982
0.506358020 0.202266182
0.698027330 0.246329548
0.577224032 0.104731545
0.634939932 0.111212427
0.589410507 0.266681387
0.731961411 0.111395561
0.746716199 0.197653303
0.564251364 0.105889353
0.511625753 0.165178772
0.663088434 0.457281046
0.663658686 0.595212350
0.684591208 0.537098204
0.726492946 0.630695145
0.611431784 0.520523175
0.659638324 0.468206778
0.630869728 0.534935413
0.609138003 0.562411431
0.698731868 0.500274413
0.643188996 0.488639493
0.612629760 0.474438022
0.518265083 0.617293547
0.654905240 0.556430497
0.616285522 0.674678315
0.744296940 0.479675137
0.568134738 0.464428329
0.576017253 0.483983632
0.569135942 0.589081969
0.632055443 0.672334760
0.707735546 0.555535791
0.648070602 0.471846893
0.699561610 0.474270106
0.689250391 0.577837752
0.740992185 0.537319738
0.579678762 0.577615265
0.731970166 0.616255778
0.667405803 0.570516846
0.651127942 0.626987276
0.628631584 0.714579297
0.581459781 0.614207839
0.694565254 0.350481156
0.555531860 0.506779869
0.662931818 0.609380713
0.871549299 0.490886874
0.621954843 0.522634417
0.773211046 0.435631804
0.738836238 0.513063778
0.793107433 0.490422985
0.581495575 0.533278250
0.730226917 0.589998938
0.695002686 0.641266175
0.635536589 0.630814315
0.503108596 0.707288347
0.551088020 0.445852652
0.564964810 0.462098508
0.578505957 0.536784072
0.586095367 0.580443387
0.501444478 0.484815658
0.704158364 0.516678970
0.716500762 0.549236186
0.357640385 0.117693085
0.268243450 0.236926644
0.264867033 0.258817140
0.202800620 0.173907993
0.253907640 0.253644469
0.255881804 0.094460043
0.254701021 0.214643623
0.124800188 0.360488468
0.242366232 0.205358391
0.193767053 0.194337592
0.395017812 0.402153904
0.208637812 0.314461100
0.284283360 0.209519047
0.262018269 0.253207210
0.293366100 0.275218762
0.205354901 0.268677586
0.314916886 0.214587142
0.213923147 0.187796570
0.233999572 0.133971361
0.196680555 0.122322139
0.238486143 0.252655641
0.317236237 0.333983638
0.254729225 0.164214190
0.329131610 0.176699515
0.250522210 0.232351782
0.174161692 0.252337299
0.250663615 0.275575820
0.292004357 0.271446835
0.260134085 0.390949789
0.232999022 0.178309951
0.208960409 0.335599922
0.260939176 0.199465352
0.190398294 0.161078639
0.347533694 0.281295501
0.222877762 0.201324131
0.232764214 0.164710309
0.257096313 0.181634409
0.105917122 0.154220925
0.354355010 0.283478563
0.382847023 0.185212043
0.269439845 0.299740413
0.198340108 0.428981344
0.317850308 0.373308861
0.261022801 0.229606067
0.410614824 0.136591272
0.309287257 0.316302045
0.119928609 0.288699573
0.244667765 0.192153794
0.240032391 0.135544305
0.213105323 0.232838779
0.927022335 0.911283202
0.875366737 0.903267738
1.000671550 1.012042780
0.922343752 0.981859242
0.936247972 0.904275724
0.950501875 0.910877036
1.075107028 0.979293383
0.931044645 0.859130767
0.958929385 1.013020032
0.929189141 0.978895938
1.083847817 0.890471459
0.905826126 0.821295892
0.992111309 0.997545501
1.044625582 0.951600496
1.178699887 0.907974860
0.987278181 0.949411296
0.808662176 0.942244917
1.000286054 0.910545878
1.065551014 0.921167017
0.964192359 0.906052327
1.025635758 0.964514726
0.976738232 0.943612298
0.968636772 0.908792892
0.923453213 0.851996594
0.916099162 1.123372285
0.889432903 0.898169804
0.984771818 0.966451983
0.921844649 0.929368791
1.083331958 1.030716738
1.039728081 1.033301159
0.855532823 1.044418162
0.944557202 0.966489066
1.073946093 0.912434154
1.042779177 0.978339918
0.904829329 0.943600118
1.118391244 0.868252893
0.861209320 0.939463386
0.970805991 1.016930411
1.003809608 1.022462493
0.884857681 0.920253310
0.987627845 0.969418494
1.102554568 0.919228037
0.988762662 0.872219758
0.970057081 0.891371656
0.903336346 0.970316323
0.994619714 0.974589841
1.093292255 0.860981577
0.999818993 0.949199978
1.014259642 0.980357085
0.970176797 0.877647747
