 0.5836894701  0.3883963329
 0.5374617728  0.6044416159
 0.6611742077  0.4958665031
 0.5748214370  0.3714697824
 0.6242831101  0.3765635456
 0.6186964243  0.5119460699
 0.5647070620  0.5481133309
 0.4170689250  0.3841076196
 0.5635343039  0.5888520790
 0.4301625870  0.5227884389
 0.5916831057  0.5728232109
 0.5411464944  0.5075537538
 0.5776466794  0.5922652981
 0.5611799433  0.4347779104
 0.5836068828  0.5841348284
 0.5713915107  0.5716438346
 0.5750024006  0.5320607222
 0.5608881666  0.4418808332
 0.5913776526  0.3531520592
 0.5960004991  0.5273475478
 0.5711800481  0.6298389351
 0.5241051735  0.4106714568
 0.6633097413  0.3963032913
 0.4937507637  0.5031954978
 0.6344703480  0.4408490898
 0.4738046855  0.4166089022
 0.4643485270  0.5374584650
 0.6907705041  0.5406344057
 0.6243327522  0.4038272765
 0.6123809968  0.4467331339
 0.6191382719  0.3112482362
 0.6379879176  0.4935807008
 0.6862439104  0.4284755657
 0.6467061329  0.5584648506
 0.6478108506  0.2863703170
 0.4953557627  0.5774999702
 0.5514649412  0.5377771896
 0.5973552482  0.4677452256
 0.5477867178  0.5099699945
 0.6946039560  0.7003144236
 0.6440268820  0.8509873244
 0.8747737284  0.9278735473
 0.6768310512  0.8555600915
 0.6321852816  0.8280191485
 0.7871354935  0.8948415787
 0.8059342199  0.8404656718
 0.5963833293  1.0230686556
 0.9569449581  0.7610623300
 0.9562227143  0.7610127515
 0.8067109131  0.8578640550
 0.6613168626  0.7167803254
 0.7574092555  1.0279848572
 0.9060149694  0.9648765322
 0.7468695321  0.8278080052
 0.9902520217  0.8276423846
 0.6345839599  0.9564523343
 0.8381363744  0.8680016690
 0.7003160890  0.9026403069
 0.6993550166  0.9724775484
 0.8321636535  0.8215867026
 0.6653095714  0.7017442815
 0.6781167223  0.7977308961
 0.7416194527  0.8272301310
 0.8433307507  0.8269416363
 0.7407691852  1.0234974027
 0.8948167253  0.7793796992
 0.8127677955  0.7794512139
 0.7343606831  0.8857051094
 0.7328628906  0.8028059205
 0.7714768155  0.8996010211
-0.0675441223  0.1790452750
 0.0044010489  0.2572028594
-0.0372527082  0.1555956979
 0.0030943753  0.2421285052
 0.0224399199  0.2182246050
 0.1087213438  0.2056692091
 0.0033987641  0.1144377668
 0.0536831844  0.1407484654
 0.0199385493  0.0921521282
 0.0457891202  0.1630129414
-0.0096168025  0.1372390715
 0.0251962864  0.1170083252
 0.0317095348  0.1614057929
 0.0022918210  0.1768834260
-0.0228346348  0.2188133850
 0.0629131924  0.1813454925
 0.0419894566  0.2546521985
 0.0561901696  0.1591091937
-0.0253204098  0.2384068429
-0.0050408212  0.1878854149
-0.0031804901  0.1776582736
-0.0169427722  0.1277317579
 0.0903052328  0.2592116484
 0.0325108835  0.1953613921
 0.0131878012  0.1723548762
-0.0327396143  0.1595084502
 0.0763351212  0.1689111515
 0.1171327110  0.2147599179
 0.0285214039  0.2241616129
 0.0064755224  0.1985519265
 0.0255410272  0.1036762233
 0.0079531002  0.1170406994
 0.0466109471  0.0975492332
 0.0084593786  0.0962757208
 0.0236970193  0.1666843670
-0.0602951238  0.1121934440
 0.0113644396  0.2070589720
 0.0225929010  0.1668230581
 0.0541192745  0.2525150202
 0.0640079914  0.0880463431
 0.0257664963  0.2256021982
 0.0207128833  0.1420297708
 0.0405615256  0.1865420129
 0.0624466862  0.1981784821
-0.0761934779  0.2462275250
-0.0261896374  0.2177505469
 0.0205188378  0.1890562254
-0.0131441508  0.2595878697
 0.0817735769  0.1972299459
 0.0163377589  0.2272706858
 0.0606303805  0.1797320792
 0.0011076903  0.0592223961
 0.0270732195  0.2113333473
 0.0810309933  0.2041476965
 0.0731003996  0.1445974633
 0.0296375807  0.1419787919
 0.0880216228  0.2005859242
-0.0654672558  0.2052570931
 0.0440798322  0.1672457883
 0.0076189646  0.2063473917
 0.1416615673  0.8422527730
 0.0235252372  0.6118065220
 0.0894965286  1.0263242792
-0.0161986635  0.7215765274
 0.0196071304  0.8636512759
-0.0734530304  0.9242293470
 0.2023085841  0.9650101396
 0.1568440519  0.7197401580
-0.1201275069  0.8869129834
-0.0709834326  0.8140569445
 0.0087258771  0.8013471296
 0.1158395936  0.8764318553
 0.1318412797  0.8670397405
-0.0279905704  0.6909784135
 0.0173583494  0.9779204167
-0.0228782244  0.8031521000
-0.0855286626  0.8509181781
 0.1808627937  0.9138920190
-0.0075888087  0.8748166250
 0.1668410046  0.9840126962
 0.1217368790  0.8797077451
 0.0755873151  0.7689829874
 0.0593985267  0.6158690557
 0.2014208270  0.8420449753
 0.0836741170  0.8025005703
 0.0114277326  0.9540834768
 0.0642321391  0.8369718491
 0.1942173247  0.8667437030
 0.0363946319  0.7125664813
-0.0079404620  0.8733675332
 0.0787926605  0.8237068745
 0.0202389649  0.8261812094
-0.0706996921  0.6596604374
-0.0798164239  0.7482192384
 0.2632013322  0.8132467646
 0.0546293064  0.8508757708
 0.0416289433  0.9512850166
-0.0832738555  0.7431671650
 0.1764138622  0.9980610738
 0.1038513241  0.6385241240
 0.0616760532  0.8839295638
 0.1418407504  0.7395280673
 0.0670367713  0.6477354131
 0.0672325438  0.7814900900
-0.0512822035  0.8641342969
 0.1482419978  0.8373803455
 0.0001611768  0.8770447679
-0.0682030195  0.8246395857
 0.1311685642  0.7792122251
 0.2560120701  0.7723354063
-0.0084692747  0.8356749208
 0.1719384121  0.9694818955
 0.0593488137  0.9018571982
 0.2496732623  0.8437884736
 0.1477993214  0.8669626488
 0.0757120123  0.8179181341
 0.0237835799  0.8491055342
-0.0411318844  0.9225738586
 0.1187470577  0.7738472353
 0.1559286938  0.9745531062
 0.2083715914  0.8814527016
 0.0202396559  0.7842232121
-0.1001553275  0.8747312046
 0.0456909042  0.7928909798
 0.0283255456  0.7067990718
-0.0780784928  0.6685245284
 0.0619144115  0.9586284129
 0.0339031143  0.7303169598
 0.0438144381  0.7003903170
 0.0087795283  0.7643322752
 0.7775349260  0.3088771160
 0.8623925847  0.2495580794
 0.9111463171  0.3823806156
 0.9843132819  0.3635713645
 0.8192336285  0.3180238591
 0.8701223023  0.2422119579
 0.9027730971  0.2255110862
 0.8777077120  0.3108019227
 0.9659276231  0.3186848420
 0.9413011719  0.2937046528
 0.9998034918  0.3359401117
 0.8559934035  0.0691534093
 0.8780721327  0.3495176719
 0.8838538682  0.3546744872
 0.8206073907  0.2277093473
 0.9568212457  0.1088460302
 0.8376404810  0.1954333237
 0.6694611226  0.3397954487
 0.8387678189  0.2283417628
 0.8371916902  0.2389167447
 0.8081997081  0.2088530707
 0.8933461858  0.2677847383
 0.8776158569  0.1844660170
 0.9630683905  0.2836600881
 0.9752682820  0.3638236157
 0.7275423976  0.1952773870
 0.9110962375  0.2772336228
 0.9862568814  0.3068846121
 0.8455492855  0.3582034246
 0.8226272131  0.3688749470
 0.8455113412  0.3362387283
 0.8186553488  0.2029697049
 0.7700241247  0.4319911653
 0.8057842562  0.3266941618
 0.9197127249  0.3267315601
 0.8194752275  0.2205476558
 1.0201806826  0.2338962712
 0.9317787681  0.2499688922
 0.8472181384  0.2541084267
 0.6253359635  0.3149586587
 0.8804027328  0.2528107699
 0.8700170181  0.2369811171
 0.9540989828  0.2935806794
 0.9260115005  0.3456136473
 1.0541834985  0.2247153072
 0.5892244820  0.5232657622
 0.6276901679  0.7816585119
 0.5555445053  0.7459794587
 0.6650421583  0.6932641698
 0.4424232999  0.7061835714
 0.7528264050  0.7759154838
 0.5782808006  0.7636459132
 0.7315470588  0.8272842266
 0.5251816334  0.7543084128
 0.6561454001  0.7382312090
 0.5635312747  0.6570716347
 0.3848049207  0.6215946443
 0.7295712600  0.7071500625
 0.5658981874  0.7786880543
 0.6054762385  0.9737651570
 0.6261053366  0.7677136127
 0.5520155319  0.6353506930
 0.6195625478  0.8616732056
 0.5562337554  0.6933046116
 0.4589406693  0.8072831591
 0.5244690037  0.9557042980
 0.8022407169  0.7860434346
 0.4905808682  0.6827786651
 0.4983169951  0.8076391294
 0.5506603183  0.7492467607
 0.6071946462  0.7100560205
 0.6010055345  0.7697679756
 0.6673411755  0.6927639319
 0.6339870114  0.8666789618
 0.5959290591  0.7327786535
 0.6672867620  0.7368752497
 0.5651443758  0.7302543786
 0.6516181969  0.6097368872
 0.6345168737  0.8365310626
 0.5258034301  0.6617469162
 0.5456995628  0.7567686965
 0.4892459394  0.6876793445
 0.6335689877  0.6312558574
 0.5645465380  0.6621618998
 0.7062218264  0.7369440200
 0.5026516168  0.8440840495
 0.5268887841  0.7200647380
 0.5936937498  0.7721210446
 0.6386721982  0.6676635305
 0.4716513133  0.5236389036
 0.8692069489  0.7668579103
 0.6807846699  0.7882829417
 0.6379898295  0.5057833345
 0.6701987440  0.6978948188
 0.5780277753  0.5703432561
 0.5812102151  0.7323556573
 0.5951522347  0.7515912647
 0.5685164879  0.7469264953
 0.5873733335  0.8217189847
 0.6420686195  0.8409041678
