 0.1309820996  0.3197821652
 0.1223369611  0.4360904549
 0.2384779829  0.3570947772
 0.0775258964  0.5817288293
 0.1314238008  0.5524453280
 0.1890798897  0.5900867799
 0.2771865301  0.4758606522
 0.2396822676  0.5363176696
 0.0669244437  0.5867305586
 0.1773277032  0.5456176702
 0.0637410629  0.4484299925
 0.1767073986  0.5390591605
-0.0199094518  0.4980599590
 0.0427413095  0.4737386722
-0.0098654989  0.6536678499
 0.2361609690  0.4773336673
 0.2852378024  0.5006998298
 0.2215903756  0.5231747086
 0.0995030839  0.6134785802
 0.2408447973  0.4644100308
 0.3963236777  0.3521105243
 0.0764586651  0.6621056479
 0.0216502563  0.4824749239
 0.1409358300  0.4406066045
 0.2654001633  0.4166299994
 0.1338215522  0.5193879252
 0.3072064001  0.6660574376
 0.1364823048  0.5587036371
 0.1781670451  0.3538945197
 0.1184600874  0.5626665699
 0.0780185431  0.5093610332
 0.2120253932  0.4901532544
 0.1462476032  0.4592561425
 0.1150721801  0.5991458215
 0.2812826137  0.5032684358
 0.0633984304  0.3377779862
 0.1929553192  0.5631905889
 0.1545039021  0.6318290588
 0.0669282936  0.5627663676
 0.3558339165  0.5320554639
 0.3247020075  0.8287240775
 0.4821433187  0.8772006904
 0.3638525751  0.9025677578
 0.1872686208  0.8184451230
 0.4909992343  0.6975595251
 0.3522220429  0.9767053936
 0.2983423746  0.8693085145
 0.5300301219  0.7671779127
 0.4907106942  0.9336768221
 0.3886213776  0.8372568142
 0.6133753967  0.8201550736
 0.3834324722  0.8362574079
 0.5063378258  0.8511649217
 0.4445976479  0.8965123086
 0.5079017501  0.9209931243
 0.5226827416  0.8549056881
 0.5906973065  0.8247615051
 0.4643318921  0.8656445776
 0.5931527861  0.7706680854
 0.5154151482  0.7766136297
 0.5944777737  0.9912616397
 0.4658084200  0.8954135677
 0.4462592635  0.8838400198
 0.4875213558  0.8149622562
 0.5876443812  0.7525116629
 0.4457281172  0.9299309052
 0.4362558650  0.8323031188
 0.4431972776  0.9573556036
 0.5368493194  0.8558436620
 0.3660503258  0.9106324799
 0.1078088953  0.8351998179
 0.1455860305  1.0138763971
-0.0147061586  0.8700231781
 0.0215488645  0.9423145380
 0.1199142768  0.9879104911
 0.1340017354  0.8563175857
-0.0236071335  0.9524324360
 0.1171749835  0.9375087169
 0.2062684516  0.9726498944
 0.0840142437  0.9243476480
 0.1723307910  0.8928897657
 0.1904754378  0.9305542250
 0.0794253349  0.9220789546
 0.1363130379  0.9747906606
 0.2132673208  0.9210009610
 0.1523627111  0.9842787404
 0.1887179206  0.9181455896
 0.0195623122  0.9420267385
 0.0858196729  0.8813979176
 0.2260852692  0.9337674380
 0.2383385493  0.9923172532
 0.0738516649  1.0539994336
 0.1993801079  0.8915893152
 0.1039689906  0.9499868374
 0.1737525175  0.9037184126
 0.0106005212  0.8468299349
 0.0823468955  0.9508212881
 0.1293655633  0.9536125440
 0.0473100728  0.9808476603
 0.0207291119  0.8780636422
 0.1550495399  0.9520473900
 0.1900148455  1.0142880556
 0.0739200455  0.9447093653
 0.1179041387  0.9564019391
 0.1611920214  0.8361752457
 0.0960108434  0.9610364110
 0.1452357808  1.0088226801
 0.1778950140  0.8866308636
 0.0807103636  0.8185974643
 0.1036458900  0.9805813608
 0.0797267183  0.8657201518
 0.1573884394  0.9093889977
 0.0728562430  1.0490178406
 0.1292390499  1.0184841398
 0.1673794545  0.8827819157
 0.1550060997  0.9318035966
 0.1048125999  0.8788534469
 0.1272836514  0.9849461019
 0.0976727362  0.9500275472
 0.0696486311  0.9539605130
 0.1556909503  0.8634079931
 0.0624447574  1.0442775246
 0.2742327944  0.9594481360
 0.1343100447  0.8179921406
 0.0756138175  0.9079446847
 0.1209696716  0.9091941693
 0.1528686614  1.0395642822
 0.0358911064  0.8986829365
 0.1699530827  0.9045235930
 0.2181026193  0.8807985896
 0.3915611226 -0.0063006883
 0.4080769502  0.0395247062
 0.4388052465  0.0333969291
 0.4264393313  0.0544702240
 0.3800031218  0.0615617674
 0.4071916765  0.0124365926
 0.4466583529  0.0468823436
 0.4829475959  0.0877944047
 0.4405183771 -0.0220371610
 0.4280720611  0.0524918513
 0.4384806604  0.0314947752
 0.4248453835  0.0363973008
 0.4120767755  0.0382945966
 0.3999235275  0.0096435735
 0.4407600537  0.0158860830
 0.4258174037  0.0113072910
 0.4128360825  0.0251768278
 0.4707572714  0.0213655588
 0.4238937721 -0.0088741117
 0.4416211880  0.0013679817
 0.4492731847  0.0418698611
 0.4302157771  0.0339028606
 0.4462800557  0.0493132562
 0.4516150111  0.0304550308
 0.4051903363 -0.0283043018
 0.4312411196  0.0489719252
 0.4624408197 -0.0041962563
 0.4203808863  0.0376887782
 0.4224313052 -0.0119417409
 0.4349656279  0.0407353393
 0.4096661047  0.0272870273
 0.4132808535  0.0405313706
 0.4240118247  0.0244889124
 0.4314208001  0.0129903582
 0.3985052635  0.0237431205
 0.3777053820  0.0607231141
 0.4288072176  0.0273776092
 0.4670160152  0.0216509025
 0.4633111833  0.0547981267
 0.4142007757  0.0521109144
 0.4248441595  0.0005691064
 0.4515488584  0.0432849767
 0.4480024441  0.0150591646
 0.4280611869  0.0129163428
 0.4148292504  0.0467303442
 0.4600607741  0.0297403655
 0.4448748658  0.0094342195
 0.4556536137  0.0382602294
 0.4454527203  0.0583086867
 0.4462753244  0.0343170805
 0.4373758221  0.0192030401
 0.4678410131  0.0221665294
 0.3871035139  0.0091934133
 0.4463002952  0.0187891811
 0.4596461065 -0.0169357789
 0.4537513757  0.0479509081
 0.4270455411  0.0511708837
 0.4482169007  0.0188423848
 0.4512891070  0.0925299716
 0.3889746093  0.0194287746
 0.4207612403  0.0407260919
 0.4179385813 -0.0080709936
 0.4398227962  0.0481255412
 0.4741999380 -0.0073687820
 0.4870723358  0.0011235988
 0.4619908338  0.0154921165
 0.4653290667  0.0102354880
 0.4170487729  0.0867975288
 0.4608297166 -0.0073119024
 0.4326493268  0.0400560477
 0.9815652336  0.8386156702
 1.0190771509  0.5627845928
 1.1256500667  0.8162941451
 1.1334290215  0.7155344573
 0.8773973487  0.7496383619
 1.1361665204  0.7748544165
 0.9730742271  0.6254535839
 0.9817647546  0.7570202122
 0.8935183320  0.5984719780
 0.9756134715  0.8110191769
 0.9096710611  0.7715662567
 0.9493605717  0.7029872568
 0.8701062105  0.6990213429
 0.9623262967  0.7435826083
 0.9847811931  0.6878722881
 0.9145046855  0.7715894891
 0.8962613788  0.6520533294
 1.1267566880  0.5799246897
 1.0386711043  0.7422936516
 0.9741875999  0.6639405801
 0.8757843987  0.6359887516
 0.9447873274  0.6133709967
 1.0596678434  0.7521484806
 1.0369070092  0.6684286869
 1.1519617046  0.7288625937
 0.9957290427  0.7066813648
 0.8472490703  0.8385575161
 0.9655195884  0.6038453310
 0.9335110279  0.7351013501
 1.0286134330  0.7881249888
 0.8505182810  0.7427000457
 1.0915466058  0.5594588610
 0.9860799076  0.7787576965
 0.9716805360  0.6215240844
 1.0831105189  0.7820448450
 1.0005438076  0.7325131555
 0.8047654654  0.5915642179
 0.9255729886  0.6615819478
 0.9296623476  0.6429243348
 0.9979683928  0.5890977747
 1.1456850841  0.6929124952
 1.0578715781  0.7673596341
 1.1049707908  0.7098174189
 0.9829349687  0.6601170729
 0.9541785979  0.8240596131
 0.6340334955  0.9484862459
 0.6252614005  0.9508293897
 0.6303392841  0.9440239075
 0.6273966869  0.9554096143
 0.6243478351  0.9477125744
 0.6244092625  0.9450079007
 0.6231644841  0.9559505577
 0.6306965788  0.9521890374
 0.6298020399  0.9414647516
 0.6298385888  0.9522746894
 0.6191541186  0.9437263624
 0.6189602044  0.9504471100
 0.6207505666  0.9479947157
 0.6175498378  0.9385211814
 0.6243614523  0.9545495503
 0.6237309232  0.9423627407
 0.6208600909  0.9462336509
 0.6233422575  0.9387157221
 0.6368693600  0.9599463416
 0.6179445041  0.9519957231
 0.6170470773  0.9538442773
 0.6334499073  0.9541340058
 0.6267200589  0.9558233441
 0.6358455410  0.9430784081
 0.6246368773  0.9428153465
 0.6215804354  0.9367054342
 0.6351378490  0.9556111519
 0.6232114702  0.9525175568
 0.6225839199  0.9525642910
 0.6263822350  0.9400277520
 0.6276906351  0.9439893321
 0.6358520746  0.9496393349
 0.6286724836  0.9547063280
 0.6328489748  0.9543856207
 0.6231733277  0.9447320786
 0.6264693623  0.9546790102
 0.6242239991  0.9315634260
 0.6242362118  0.9525959183
 0.6185930241  0.9385879109
 0.6405135900  0.9308995370
 0.6183119046  0.9559492661
 0.6354363289  0.9611769565
 0.6253225197  0.9425937241
 0.6300062928  0.9339789456
 0.6173682709  0.9506280216
 0.6293495119  0.9486121198
 0.6168670210  0.9403562116
 0.6209667108  0.9586284026
 0.6271850141  0.9419622894
 0.6186277701  0.9419731965
 0.6250412445  0.9472117765
 0.6164283944  0.9525310360
 0.6186812304  0.9493338061
 0.6151755909  0.9604786215
 0.6145285261  0.9371592476
