-0.886014707  3.115223418
 1.006083620  0.362831641
 0.113274461  4.188218110
 3.025830487  3.847276724
 0.094203345  0.242363767
 1.827108482  0.707571026
-0.062869580  0.371870634
-0.750480744 -2.154427119
 0.235259253  4.314590197
 1.363383672 -3.186965413
-0.061435444 -3.053650497
 0.178519606  0.047281570
-0.712428991  2.214040470
 0.557534647 -0.099469108
-0.658233894 -1.229295311
 0.431789143 -2.477690135
-0.039368302  2.303456384
 0.564163079 -3.587881915
 1.525568848  0.084519891
-1.057862633 -2.298411436
-1.045438166 -0.741560761
-1.544244840  0.625126441
-0.054002624 -1.426816939
 0.682577896  3.237514996
-0.266333465 -6.071736664
-0.185223347 -0.669368218
-0.974636766  0.625433880
 0.520766680  2.345978727
 0.046024971  0.734750026
 0.402921849 -0.527220638
-1.004151075 -4.238343953
 1.358828687  0.996764437
 0.424192483  0.121739464
-0.491113802  3.796761211
 0.111077089 -1.981270855
 1.211496748 -0.497008629
-0.062254486  0.992380189
-1.100662227 -1.767749130
-0.656013908 -1.869505006
 1.060351677  0.447590718
-1.050753649 -1.493578126
-0.405918440  0.555690858
 0.529066807 -2.865930878
 0.630441615 -1.675424583
 0.265528964  1.792588482
 1.391287192 -1.325197654
-0.111689121  0.787102432
-0.568022354 -1.492922336
 0.076090759  1.526542998
-0.947542926  0.206872786
 0.432079276  0.689927937
 0.164484866 -0.946093128
-0.373530415  3.237157394
 0.276756156  0.635382666
-0.500202239  1.641487922
 1.121933892 -2.743612094
-0.291046214 -1.615575344
-0.062102509  2.080737678
 0.965885629  1.493049965
 0.635263417 -0.118032654
 0.914611078  0.305887989
-0.215257871  1.424375799
 2.516045678  3.050231287
 0.808913736 -0.361467919
 1.111977453 -0.841545093
-2.134663751  0.868758104
 1.275779004  1.783381775
-2.175295572  0.584191443
 0.362130295  3.315940705
-0.972938333  1.669798745
-1.289906212  3.458556514
 0.455460596  1.549316786
-0.766952991  2.496008011
 0.036683108 -0.174190183
 1.295194294 -3.099774553
-0.593609372  0.264916549
 0.984368191  4.816526120
-0.649170251  1.979482113
-0.494231695 -0.346588079
-1.355446120  1.865521715
 0.300720387 -3.601791462
-0.456400212  0.068875153
-0.923917258 -0.801561669
 0.849531011 -0.667889515
-0.595020254  0.271824798
 0.852906678  1.727878326
-0.062955271 -2.416081512
-2.080163926 -0.548202325
 1.297003341 -2.044218980
 0.493185680  0.271221347
-0.325142334 -0.548892951
 0.093639772 -1.240663038
-0.152433596  1.173829479
 0.130774348  1.420432383
-1.284084346  1.640638359
-3.083336924  1.102485356
 0.769723040 -0.809772599
-0.314237086  0.699221807
-2.006501619  1.435865429
 1.272777251  1.434416138
-0.500541008 -0.456925681
-2.669534097  0.217468170
-0.929626655 -0.842206600
-0.329755859  1.089171812
-0.342176427  1.029290617
 1.465906161  0.423327171
 0.335711603  1.894451207
 0.802962954  1.273430581
 1.753989187 -1.843266607
 1.444644056 -0.997035453
 0.721628270 -3.223939983
 1.814232276 -1.487939614
 1.419763731  2.891607922
 0.735987642 -5.674349487
-1.249537427  0.053005946
-1.962641692  2.975162561
 0.692655354  0.803775679
 1.054118461  0.454807872
 1.675272530 -2.693333553
-0.291529992 -4.388649686
 0.289087395 -1.399078470
 1.491497704 -1.512996636
-0.968128743 -0.937860369
-0.064383429 -0.214047868
-0.290170742  5.108383487
-0.997044684 -0.932425170
-0.103088373 -0.611498152
-1.733521097  3.699154451
 1.271848931  0.699976960
-1.731902316 -2.763340346
 0.699356835 -0.821350796
 0.870384463  5.131297218
 1.069160067 -0.927103671
 1.751093059 -0.439112914
-0.147615473  1.148441703
 0.402459347  0.162911187
-1.036227626  1.125984122
-1.524107060  2.800395076
-0.396759082  2.786362219
 0.100115364  2.244614049
 0.804350526 -1.121803089
 0.692872004 -2.092882371
 0.860092710  0.576278149
 0.039886105  0.303846111
 1.789568389  0.629729619
 0.642840571  0.383437608
-1.706409929  0.342399608
-0.742125997  1.192531823
 1.230901612 -0.690472648
 1.460798153  2.868026745
-0.244165127 -0.431824584
 0.711938098 -1.960742978
 0.193979613 -3.041314619
-0.154871928  1.085660709
 1.277469745  0.052492922
 0.378433375 -0.675217383
-1.745711357 -0.549248677
 0.463028270 -0.535518243
-0.018077949 -1.257982542
 0.226815585  0.746796546
-1.147602889 -0.129709062
 0.058056791  1.869408265
-1.009046703 -0.346730088
-1.297770268  4.025003306
-1.023857565  1.211763502
 0.005420064  1.496298589
 1.424280457  0.661626844
-1.530391980 -0.074270093
-0.305594312 -0.129941003
 0.154562178  1.995013191
 0.191038930  1.379939612
 0.869288095 -1.655968493
 1.800574495 -1.468938032
 0.272945522 -1.716256433
 0.824025469 -3.132748510
 0.066056718 -3.429449262
-0.403191221  2.235841037
 0.581387780 -0.559606316
-0.247526278  2.352741974
 0.148579275 -1.395716295
 0.221079376 -2.108827096
 0.544810270 -1.569529560
 0.527375059 -1.700603227
-0.461598274 -2.582835114
-1.933291992 -0.178187148
 1.826445318  0.566440278
 0.163816919 -0.838064955
 0.503477630  4.185177087
 0.069681451 -2.015881913
-0.451544041 -1.823048979
 1.550456697  4.035609919
-0.060045403 -0.994530253
 1.276398562  1.201331840
 0.031726925  1.087921134
 0.725650653  2.412902839
 1.011919724  0.988755951
-0.282112366  2.148660549
-1.422942747 -1.007920131
-2.258787196  0.751545414
 1.165250854 -1.566699649
-0.300670036 -1.044868107
-0.525717086 -0.752657353
 0.576097742 -1.654865865
 2.251553012 -0.287896953
 0.380567312  3.972075086
 1.581061185 -1.920465238
 0.413555200 -0.087528199
-0.824104552  1.629464638
-0.660615396  0.623439833
-0.299169489  0.122030035
 1.336902104  1.045445677
-0.822313380 -3.800828312
 0.324539346  0.299816128
 0.533160972  2.163202774
-0.041491074 -1.261038194
-0.015747457  0.894617759
-1.573942867 -1.656357175
 0.288504416  1.604051093
 0.036601457  0.560038525
 1.211375283  1.908170514
 1.841265054 -0.570420513
-0.331802503  0.975802339
-0.164445840  0.722430738
 0.722665969  2.803288202
-0.084417963 -1.209183109
-0.684334851 -1.661606832
-0.954360528 -1.809829880
 0.039321437  0.258374153
 1.256403638 -1.365812326
-1.513392360 -1.458673261
-0.740806870  4.882120312
 1.539814480  0.070620891
 0.063224675  1.926213342
-0.669189748 -0.697157205
 0.255236807 -2.299407390
-0.507811270  2.043139152
 0.455517568 -1.389218481
 1.712277535 -2.990482555
 1.086051280  1.135673953
 1.196710707  0.106752955
 0.164194245 -3.155982638
-0.981263139  2.081000881
 1.553286183 -1.011960346
-1.070785470 -2.239223969
-0.650152608 -2.402788495
-1.235726452  1.914515276
-3.017935061 -2.256957027
 1.063934695 -2.794781488
 2.393484967  0.085326389
-0.473884721 -4.139349893
 1.067057739  1.520287208
 1.017182929 -3.256637546
 1.708676439  0.794586229
-2.144174378 -0.418319921
-0.509788903  2.034209211
-0.423946671  2.029485925
-1.719653776  1.158590201
-0.647244631 -0.443803960
-0.433066129  2.994811049
-1.227885704  2.939864871
 0.950411352  1.680592003
 0.873817206  1.072080499
 1.346185050 -1.732476217
-1.803289026 -1.858894630
-1.962896051  0.184062006
 0.777742663  0.391473849
-0.440738172 -1.186823739
 1.592395117 -2.179065102
 0.952163960 -2.580643716
 0.452306457 -1.493574697
-1.395435856 -0.310723248
 0.083683313  1.241182233
 2.121281601 -4.999069731
 0.257923682 -0.492334124
 0.501560060  2.037996852
 0.272696626  1.080810129
 0.833697460  1.158760238
-0.657522763  0.964880479
-0.951444674  4.464095380
-1.145499569 -3.064318610
 0.636117953 -4.655563601
-0.863211712  1.785847047
-0.181356940 -2.309412424
 0.779942794 -1.293073259
 0.561570187 -0.608122958
 0.391739803 -1.119271445
-1.112545103 -4.463495119
 0.028538878  0.456833542
-1.698837446  2.556109629
-0.269830004 -3.337275496
 0.481085407 -0.632534399
 1.499202605  0.229206048
-2.251153583  0.441190061
-1.872436511 -0.742696478
-2.407016490  0.172556163
-0.557400049  0.310402670
-0.498087535  0.805912414
-0.282616503 -2.002354444
-0.873427140  0.808877545
-0.761738836 -2.889431591
