0.0269888107362048 0.610134171582658
0.0617559673232789 0.657891302461607
0.10337318298815 0.65505035651103
0.0467617133912046 0.50881549367535
0.11689302382271 0.61606923169506
0.0877293872223571 0.566346917595161
0.0914206252110132 0.613976584885265
0.0920888611512646 0.530792048723301
0.081526430956823 0.560577373985156
0.0406746747725534 0.649799431861282
0.0573160000262285 0.628073788210176
0.161590715999368 0.624524039177265
0.107844054672898 0.657919685937038
0.0783534600387933 0.656886752883974
0.0649511013268839 0.574573235926426
0.0640207640319958 0.589051042630501
0.11395589404401 0.527414755054079
0.0844740738898491 0.628272964605624
0.116659111814112 0.621972916607817
0.0186288521414802 0.6367892337907
0.0835682304977371 0.633946401822494
0.0674898277952833 0.618416597523331
0.0888590126695645 0.58474804433794
0.0612379291856396 0.581379452590994
0.121517822051582 0.694828645256477
0.0572663626940766 0.57298786367062
0.0348483928734693 0.549281377709992
0.0699404754581255 0.625026074465567
0.068093440686086 0.646258607602037
0.132969845851875 0.635794222746317
0.130853652543728 0.614576830739042
0.0550752143655736 0.564467203391887
0.0536867498286887 0.587765871067747
0.0946850490768579 0.618910660982062
0.101270235578854 0.669296542643862
0.14796382255947 0.609286927087015
0.100090213623508 0.656187355322537
0.121236215209034 0.624804387069025
0.0800887472728454 0.610912701860289
0.0923176741924035 0.538947743395747
0.082787478811437 0.628580943600992
0.187489055211824 0.652200278109281
0.0889828105005665 0.643509651345368
0.0481887491623015 0.603115337470763
0.0649416614841032 0.607341902734262
0.0945753264698076 0.679400165240226
0.122941383665247 0.626500517549569
0.160875429452949 0.515839096542053
0.0803106099518502 0.562181019633455
0.106301292915544 0.616662597516458
0.23678929190996 0.416336805409581
0.16709402710419 0.585337611629996
0.216628775299831 0.511609869827204
0.225016486810743 0.577342897732667
0.181643060930103 0.598650328565926
0.17295634770395 0.565375859974204
0.175963492861345 0.598864724609406
0.186609735350104 0.480745375599257
0.172938476780707 0.631549965876364
0.148502173351431 0.546233348143837
0.183697866237109 0.560262253207883
0.206146560104989 0.569309202605148
0.203950964683966 0.486868547153231
0.179029855491899 0.523068185792241
0.181814487480268 0.588484099661969
0.206088096328357 0.493966848529367
0.177244218776711 0.587296193307536
0.13303425321538 0.52132430959706
0.102928223126168 0.60348397286922
0.187291538971922 0.534236172098253
0.182411972830944 0.59444045397436
0.12075327125791 0.583030790905545
0.203751058677522 0.50194414328783
0.143801770455177 0.545560034009898
0.122173079321966 0.555393256220094
0.198117002330042 0.629020656249061
0.116822956599907 0.605902126017505
0.208585182945267 0.539907102312251
0.167302053427512 0.558246515056205
0.2172676101509 0.510439811936255
0.207218615288609 0.596925627525577
0.165013384343187 0.571675916221306
0.139805133453188 0.590566555581864
0.234147985519623 0.545274919470814
0.108750095686805 0.474099816241104
0.180813943748199 0.520688007941879
0.123998114067485 0.641563860350113
0.230897083934116 0.551332417003125
0.166166055369883 0.563860406273251
0.183145233988824 0.560770321500598
0.0950351825713323 0.560011511674256
0.219944367374277 0.533900375095545
0.232477681052448 0.572378031172741
0.191454511384415 0.613725163898764
0.209956055108093 0.55324441708003
0.182357892019101 0.543388006101854
0.240233058216891 0.56965949289644
0.203712254777066 0.565065114454351
0.176017180657509 0.535735851521572
0.114235919370276 0.592760996282242
0.512063161838323 0.299586023938075
0.500142277740795 0.278361793927675
0.49169521592501 0.213022895113903
0.490473908536786 0.253380527444968
0.491234623167471 0.264622404130583
0.489484591613373 0.300665392994729
0.534751941258296 0.232056693400607
0.514978114019915 0.215444533679606
0.459094087600029 0.214128899036324
0.504321126011654 0.292122520435721
0.569958570962818 0.241255161089807
0.494935366631984 0.254651439950944
0.513844612487951 0.226575427482678
0.521948485089798 0.224907504111254
0.498708695823014 0.248968983966616
0.460604185039821 0.250995504970371
0.501896350064479 0.223306840492742
0.50756032184769 0.211802364965816
0.588695161605389 0.266868223848187
0.512520808814801 0.295823340492228
0.520719785008635 0.186202431773166
0.488676136627081 0.226308487766045
0.545656505178424 0.251823312260587
0.493348375406892 0.264268758905246
0.490343273365012 0.196143590106248
0.44522174168903 0.286788075348096
0.47687515356224 0.230113488468985
0.542500504986858 0.331017532548158
0.524469634839735 0.272516164060063
0.569424504987102 0.215358323790949
0.525940452930657 0.220652893593414
0.466743356673296 0.184236120927795
0.48794425876155 0.238403177402005
0.561588427138294 0.203140843460531
0.506498267820187 0.242096302612565
0.533753072193306 0.216860919490552
0.533282917238482 0.216037613124021
0.470451474766599 0.242539469848571
0.555033299320733 0.221648921830051
0.509573568230596 0.375120912643056
0.497127412206789 0.237258609109748
0.510010143316551 0.251790809858017
0.476459717746084 0.233809830904559
0.488391982859891 0.24862290731882
0.481488045650009 0.26375825261471
0.554039353699883 0.242316504052175
0.522895757103279 0.214787747459614
0.574228167980735 0.273278786505783
0.565256213646023 0.272315075815253
0.5022346429305 0.231359641589401
0.0657944596820597 0.137268313595547
0.0735276317918872 0.0793090148862837
0.0475860128042428 0.164775096595459
-0.0549265944664141 0.103304632732402
0.0334605325823828 0.102324523467235
0.057810258577774 0.176075047112933
-0.0481833807379466 0.0965257937314248
-0.0443004660467607 0.105256898159667
0.0170049683233689 0.0760884958754112
0.00634670890005777 0.0522529723363836
0.0225594508883403 0.11796210022809
-0.0342467390998859 0.154188732848157
0.0788085555745915 0.0353686383297412
0.0467036599116201 0.0625957244698385
-0.0137651759489051 0.0747352995430153
-0.0145572904669065 0.181678721608346
0.0373951893199844 0.150032338013968
0.0524888848893171 0.116032886401696
0.00454634291828076 0.135953119356228
0.0197267548950207 0.0804205109122692
0.0215432297626921 0.0799547562638177
0.0876745167061158 0.080344955560014
-0.00855584996438531 0.162965986541724
0.0227231048565032 0.167310354084816
0.00770772014477945 0.187606881516735
-0.00688729561222132 0.0719313247042935
0.0393378622021924 0.145570632680778
0.0738170097110918 0.196786779260323
0.0555629168953669 0.0682782156792576
0.028448959237267 0.0448068364900703
0.0224640674826787 0.15879426530038
-0.0179659079131624 0.0736017316554091
0.00410581292766361 0.130604640050271
0.0681562538884035 0.180000262261553
0.00059827951089779 0.140076820970215
0.0851389214171645 0.0234624029326947
0.0157232070311711 0.0959195803858842
-0.00649261273392298 0.165455627176453
0.00870074479507728 0.147499523459966
-0.0177421783043141 0.0598075276420074
0.0174643436776635 0.103887465589123
-0.0119225865833985 0.11815207805758
0.0434502107993331 0.109204736547962
0.045480571458477 0.124879658830276
0.0625658818928442 0.126663346544169
0.0637341642585457 0.0599437438531756
0.0146469421179544 0.0521327091175003
0.0247248962203321 0.156126768362137
-0.0315268485413581 0.234179204343948
-0.0150470067880782 0.173105271381889
0.236066966788144 0.38101325104206
0.200804808008707 0.418485626425282
0.230528624962184 0.379900225885825
0.267892511579976 0.39149697399124
0.258373666265378 0.391698671961307
0.270338672168314 0.412455381131151
0.210419540477879 0.390360829674214
0.169814006839402 0.348734150924024
0.236733581049488 0.426690952769779
0.250758148971471 0.407061876872529
0.214405755489283 0.42329191859565
0.26136872987878 0.362383121343718
0.253404311787955 0.414390944746924
0.205313929024524 0.366978424790685
0.254892518308689 0.407766494069943
0.312880773969914 0.397243852573171
0.251739070280368 0.401840492225272
0.248667404376824 0.428015702522648
0.191277500844378 0.404147127009411
0.236313074385732 0.396773155934719
0.240272034268692 0.386310582913187
0.180845609600009 0.366071098693188
0.260774927386677 0.376722414799384
0.203300540898259 0.396468625445691
0.241661336560614 0.404630683576055
0.258381847217585 0.415743288511681
0.242657601919319 0.360102913386558
0.188588650877235 0.352716116163633
0.204686159849898 0.348261387084525
0.218498743834274 0.382126771878555
0.207926977906766 0.372577699943146
0.180914159072977 0.39837417409227
0.2005360034095 0.411175668554354
0.143667558160318 0.348712884241757
0.290420057085885 0.407771683478577
0.203926080174065 0.370329859509573
0.240997017048386 0.375695103068766
0.275112548704243 0.386592490102326
0.23305359395502 0.423995755241168
0.24664850222916 0.35702234161649
0.239168444318773 0.407452409392069
0.231871580788483 0.429808536777749
0.183529188990273 0.49088436352502
0.261487487872305 0.403750425582842
0.279299005775484 0.381919695006926
0.199808977694933 0.40372540794016
0.229319409354305 0.416215258853309
0.242491411925218 0.418221494539822
0.261549084092876 0.341311432838891
0.264354234064732 0.31228084562367
0.545723492584178 0.342371456215143
0.581395797153825 0.364472704353342
0.552571865313412 0.31982575720248
0.577700426027565 0.357312679464595
0.595517952729196 0.378869232079416
0.620928713813635 0.324173732336855
0.681763139637665 0.317893281291769
0.611773637054356 0.361241134779698
0.586118996344306 0.290701651705025
0.562074891250216 0.411653062476207
0.579333377446552 0.340666530119602
0.623400204132943 0.360518902086113
0.592180439267493 0.277923967538089
0.608934015205931 0.302740774210928
0.618243253704559 0.291523492406685
0.561694909940144 0.341554040808597
0.619340624107616 0.438964754709561
0.541513801945867 0.324938243931322
0.592693377112969 0.404087189619683
0.528370775535128 0.37834904093602
0.611933275904025 0.285775462415869
0.586727381903815 0.326488182093534
0.600927009678552 0.332013908158388
0.564422045426869 0.341275552500592
0.575201643427879 0.376299288532892
0.558154638203017 0.32523709143894
0.612482818941903 0.355031558244254
0.589111125436633 0.26760671825037
0.545140825255279 0.37814781847458
0.607454509583838 0.388797380009941
0.630679811161926 0.344094079035314
0.564634083556924 0.283826097308222
0.595777501739946 0.389158257398143
0.569364898713232 0.381692480582798
0.515957980864197 0.303043512796547
0.64127940762125 0.407773329002163
0.580579873183669 0.345293457750408
0.603599755516693 0.353849306992227
0.580018434481895 0.371997971591145
0.590128811083089 0.349602292027725
0.566590981414883 0.356175940535985
0.617993070895074 0.334660569786252
0.546036002851002 0.375633227997942
0.514852670605114 0.363685249783755
0.568200318594956 0.363507721946693
0.540578845106045 0.339144132800464
0.541114249755662 0.374484676741379
0.606813523352786 0.322126546427864
0.572414621913824 0.379867461191805
0.58944154401949 0.358938423107318
0.617553711811354 0.28992973877769
0.427443148464154 -0.00988060507475491
0.488172609473666 0.0660453842033131
0.120217036786274 0.411520303987054
0.206814136898573 0.469917481362785
-0.0859999341748805 0.34569306587176
0.639247027774036 0.239216121943236
-0.0661238279267257 0.0942397736212523
0.442259658886474 0.481392819058549
0.365007230574709 0.331127206175917
-0.0770838966155346 0.591198414751498
0.512148678935109 0.417293454328202
0.576761396410096 0.0953116521707145
0.651155137497054 0.0455958450438628
0.413408987035258 0.719182405560823
0.618404191229765 0.523293275837253
-0.0380004107965181 0.108390080834609
0.372478879221419 0.542618176027109
0.622681106749956 0.48316351402317
0.447212624937286 0.14877665321429
0.207681364792744 0.5569004265995
0.606807167798011 0.138249903571579
0.516103877239856 0.0789884158770097
0.411421229627025 0.678171784778583
0.124670595615552 0.673445018329912
0.450648930625914 0.640417032379727
0.68277726293501 0.0639683018322258
0.679933770308951 0.529143269299425
0.099090190404229 0.726028707503997
-0.0815221787744304 0.407606665870613
0.218420372398571 0.211564841876101
0.153759935941099 0.55140982861203
0.135628732217051 0.121017978660285
0.657106802069475 0.469594967015355
0.303613995551765 0.540511953901595
0.178830603494792 0.449689922795259
0.230286792945895 0.325432112035123
0.408558545286677 0.404396573955122
0.431095162047197 0.186026420455559
0.713025601489619 0.451832264836027
0.46968490755869 0.285236724852492
0.111883053152026 0.439091787768314
0.367251189908507 0.248112529158633
-0.0174634132538272 0.717542097063824
0.170427837968317 0.351653400781525
0.391460421102332 0.243715645320881
0.489315175788988 0.109304565141619
0.297744871784025 0.176900667659148
0.0875129511531973 0.330375457865426
0.208837780034572 0.336012490331189
0.0426932582809567 0.303856520915964
0.144861143825846 0.402100591513918
0.470770492143103 0.474626401810071
0.294067129499891 0.408416001412693
0.24982003813186 0.330384981373992
0.351208521319763 0.418793009259964
0.297995965033982 0.0502543667756802
0.614484396812864 0.229505271637518
0.152126322364685 0.323794687251209
0.196444338564496 0.627445724876405
0.166899670103987 0.233117583537112
0.0592195721770373 0.178150023557543
0.116248954936808 0.510388513636768
0.0411517328608985 0.248062923192832
0.671678220493753 0.549927156490805
0.433193970887054 0.246530539290959
0.0720560631847298 0.0548159800306919
0.426455211160172 0.570291110223762
0.437771751186977 0.0770210023226557
0.462799525910701 0.473935045341625
0.282028016806469 0.398623110133182
0.332320305099303 0.522957501028257
-0.0619179421916726 0.143139126831017
0.348235910534324 0.00985054812697149
0.0306298115369199 0.671116383736241
0.375419666446804 0.598472084938624
0.111073912308362 0.558314979292786
0.350551226426957 0.107500739445003
0.32852471759195 0.216792783113845
0.632062843537968 0.445755851728463
0.266110909687458 0.352935238391207
0.0329162206273223 0.574144272225422
0.274111877640905 0.207033667795624
0.143817354126906 0.438771670799283
0.0541205074590663 0.604051488294935
0.116196635971565 0.640418118446772
0.486372436809357 0.216304408819194
-0.00717272724807448 0.469082852970211
0.334860292848639 0.449469412581632
0.682420839440616 0.488846030501134
0.163813773042268 0.0120386809395939
0.180837860669602 0.649915532795628
0.262286986097215 0.03777508090483
-0.042331313945789 0.173047433793008
0.267847583490097 0.126317547415585
0.543373480838765 0.110471799757232
0.151673787880094 0.510524363355961
0.0171037571119509 0.253582719701607
0.657318498476358 0.118470223060611
0.0013921375104541 0.431855175009093
0.452506621890652 0.43433187559434
0.108905961520074 0.494310301272131
0.310583229637752 0.379542240522592
0.392989330372353 0.300011669171204
0.172648182418383 0.460441854015185
0.668946519645979 0.248137230893613
0.443044765222079 0.586363574636296
0.470828423749178 0.600438177013749
-0.0684469332495646 0.47991343667611
-0.0733205528598769 0.451827128679862
0.20247382822649 0.055634076490624
0.0253623566258925 0.720211425133506
0.434001551991446 0.727174299019653
0.659854121300637 -0.00596468004785881
0.258426080536654 0.266783249392734
0.281459939832062 0.68485111968239
-0.00852357132738956 0.474916531127205
-0.0114560084258015 0.51524353371178
0.36371295824634 0.0500773504279132
0.242520609435691 0.463695499597436
0.154934633868763 0.3967251748831
0.00515545498049598 0.518915210842599
0.211188459913865 0.63496408534839
-0.0426791482843002 0.667009678331635
0.386887807533299 0.190930063314447
0.710922968754537 0.401819016999723
0.60029394470568 0.148486106497222
0.502732934989884 0.631531776567106
0.586808906052969 0.426351447363752
0.269027931501413 0.270516998305545
0.502322867659572 0.0229083534082527
0.21959210610302 0.161026754294439
0.326265919555295 0.161499314611909
0.24984943074522 0.315502728219841
0.0349648328290276 0.321828007334972
0.28852580797309 0.386649977691657
0.574970180900289 0.478015556401494
0.150881929734237 0.0500737403148599
0.286936130708859 0.25992457934838
0.448608544498204 0.0461689677247605
0.27017728026202 0.699031574820946
0.5424971161402 0.442454013687537
0.279937200873959 0.0557336703207615
0.120044574213827 0.474531288221916
0.0243747822146919 0.23876597265888
0.334214522780053 0.0213039302760071
0.161783202795544 0.0770867841730951
0.292516037439434 0.19158751956671
0.622622769891546 -6.52441675894252e-05
0.689245805208184 0.01003797655228
0.662818889706429 0.182309032689537
0.39808825685446 0.200362483220088
0.185543029384105 0.293225213279161
0.438070864474817 0.363982218112294
0.0775616979223817 0.615779459799569
0.644057535431814 0.449213527120428
0.531258652523711 0.0841257861545333
0.055014680189544 0.527336552306901
0.442958321476221 0.228477006728051
0.529473572719579 0.721164791916026
0.577088834245411 0.673069815943841
0.574402304188235 0.299643089002252
0.598726063700961 0.33412209413045
0.572532328085682 0.483669726736384
0.586654091151267 0.684058780693192
0.0915710669097815 0.0966729479413046
0.110209113469834 0.0568102272996231
0.39453719251686 0.579608068552976
0.20598993912471 0.32595884076507
-0.087500440796999 0.125906810887332
0.583167030207876 0.0790621031650079
-0.032781266010673 0.153952549746983
0.607097543293321 0.121419229249413
0.00336921823106083 0.25966157654619
0.188676357232062 0.464966043454077
0.0187159804376094 0.0808150126184907
0.0149279575144393 0.392107020653724
-0.0293196170172482 0.507760507988203
0.434881132044866 -0.00392126196375971
0.708911731672754 0.613701479036304
0.339386689875598 0.492861916263395
-0.0141967040600032 0.682382725562631
0.523038349260874 0.167151209065904
0.594634019833116 0.0931167058470326
0.00437952535047192 0.505597205129204
0.547990142481125 0.386096236533783
0.232143279989042 0.613809372266118
0.240905411864244 0.174492978517553
0.202721288010107 0.68324347643546
0.0316062688346021 0.0422195841811161
-0.0520193433986346 0.158284208382431
0.206812874243491 0.172186115587155
0.433454754830388 0.036519278917613
0.626575491486153 0.0271939267481102
-0.0017151696580609 0.345306550430917
0.387341258988758 0.695284742608886
0.294651185102995 0.0847146221678719
0.5603458423455 0.310266684218806
0.0997480537471141 0.165361359718273
0.281824181311539 0.0856019584178278
-0.00922916197338669 0.0330946318895328
0.35480765467348 0.403082890212581
0.0850024465985869 0.692300803561289
0.276725759929286 0.00164029642518813
0.27278974199252 0.282027148224285
0.329971445924388 0.545695365356467
0.604281182717667 0.218251296533611
0.630113579617511 0.563886751916532
0.418773177739896 0.270685592722111
0.646913016000603 0.683199040059179
-0.0638262971842813 0.0960498053414098
0.323402701182005 0.592792243990789
0.237644688415711 0.532468640458919
0.542156923162562 0.495609899404104
0.539329187912176 0.222486233505437
0.687993839862032 0.627127068979479
0.409285206973938 0.545330288796373
0.235506453799692 0.606081311928586
0.660328943150812 0.501124856693166
-0.0237882134882135 0.393142760503213
-0.0730240955538596 0.370841020683711
0.2120648051346 0.162239252158705
0.128096284941097 0.00510153729495354
-0.0883436413691073 0.306154262399747
-0.0889828496781168 0.204596741701599
0.516855733784372 0.70496706805818
0.688336769947601 0.615163446087232
0.512973813346777 0.358707062427693
0.136794908499371 0.160826487805268
0.324518522734269 0.656876429460701
0.387742479223765 0.614732624901466
0.152225048489992 0.136926880893275
0.624753175554383 0.12978872867684
0.647799133419035 0.584695143689498
0.371196705840503 0.268992295975619
0.655206171076691 0.0750225564102112
0.162846188369087 0.0185093179445005
0.343511551618372 0.00519551811276788
0.704557328615682 0.0561714370276403
0.556369284425031 0.26536795926992
0.450920208581298 0.550641094950555
0.3478323834056 0.376892090273737
0.203851852767128 0.221808553519795
0.627170933110297 0.113519244774373
0.548351172766061 0.0418994647993683
0.0367451261927246 0.319423370968946
0.045002817245529 0.489996020226416
0.152236843923681 0.0270445220436163
0.370775489248797 0.282587330128537
0.265931969318121 0.446943974436144
0.184717647812007 0.54197542734923
0.579246253767934 0.668681124484561
-0.0763873714812908 0.0934248323049988
0.379352816793087 0.353471130445632
0.555378774912808 0.345384228351809
0.227280358624342 0.0942954608386911
0.155449889803756 0.161341397327013
0.590408822680214 0.438178970475987
0.321923415750639 0.388001343927982
0.661752085154396 0.435693559295257
0.676433546512537 0.53033341127838
0.130972817262425 0.475493855726017
0.560266371284707 0.634299735448416
0.0253195122068412 0.453511708971418
-0.0560701133656933 0.328731312804708
0.325201440240177 0.41640755209346
0.305735545042249 0.386591028654008
0.322209490616643 0.290342751876185
0.511966681113718 0.425217895130499
0.317169751209697 0.101295719248149
0.197685613040136 0.641983314774414
0.60522292863056 0.606595617926562
0.665297475202885 0.594587876274912
0.367542656540528 0.238242036992817
0.567717822366838 0.338390633347985
0.298666406138558 0.721746645700495
0.385534665448209 0.214538598226549
0.131976519128075 0.442276173569463
0.199922024052793 0.0154965350449081
0.490974933908717 0.455634691548282
-0.0745636257254874 0.103240068612597
0.295174889688744 0.526912833813486
0.443307242980235 0.552406909334611
0.345476006166369 0.496283311466804
0.653366721272867 0.171542714269495
0.357980763247964 0.261154996974218
-0.0426989137436126 0.166227602795269
-0.0588069656268401 0.258871737131163
0.523714613480314 0.158856095752542
0.0995137246686453 0.607715730640226
0.310173989075152 0.248455870418535
0.316653879548338 0.652994277637704
0.150806130528129 0.33500595865387
0.230272554840992 0.24930043523885
0.598381878146306 0.347751497255876
0.660998909223254 0.615487976603872
-0.00666145556947287 0.386700120486853
0.476023357402755 0.528938702315642
0.0284472563470539 0.601467474565827
0.602852733856278 0.672587224758018
