0.281594854797194 0.162277368532241
0.258880174846262 0.182821314117233
0.220882757155155 0.214264324502417
0.170504625597963 0.179070954397843
0.25948741524496 0.17710436334963
0.200095402707711 0.0888413586562789
0.211909517264385 0.153785756811896
0.188116160279028 0.204351087478818
0.185853389477042 0.141228660618307
0.181510420151098 0.181833985746574
0.227997011097193 0.218963122196256
0.215136732377524 0.191649434056873
0.293693707077886 0.0897879208881458
0.232669485870124 0.112886815444719
0.223237251769424 0.153578612306039
0.215546769706051 0.146255150541303
0.23939589877086 0.204071726883536
0.210665899932207 0.148821854166401
0.222599124142868 0.232725007850566
0.186239417300514 0.169526238266947
0.175551185966592 0.130549870522049
0.322096701459661 0.215007556238344
0.193831672977318 0.14380299226324
0.19694409264441 0.192683093269319
0.20419646376527 0.138107925159099
0.194114347384496 0.148792780156373
0.205734572682895 0.199985671766637
0.197831443935423 0.190272451427082
0.224461674002507 0.202682301827948
0.20138954004011 0.132926623948296
0.198218159531176 0.157741447819313
0.203591286683413 0.214628968860449
0.18040529514626 0.227249590202831
0.202079938359964 0.181930899113335
0.150024705359786 0.16375120200404
0.210329704336676 0.126198522879236
0.233838636221778 0.0768746211781453
0.212922105635155 0.16797512420075
0.263535642886446 0.126067345947969
0.1719622651588 0.158479802624526
0.159246231043723 0.15075124298673
0.264994657991844 0.175170597796609
0.202287145390574 0.167762977714673
0.113263589604785 0.213163263606507
0.22730323644069 0.102147501387801
0.20902037348936 0.122933292716426
0.197330057943129 0.158975999062342
0.205814541841661 0.143000924734976
0.163809099925086 0.191095089599001
0.181966600747154 0.180563795394478
0.615061182346236 0.474117384501453
0.587516465245445 0.456180345957578
0.606984047211864 0.485110549054533
0.620603564004164 0.579588639220638
0.602362592637175 0.476115362975547
0.585534993306077 0.501095252193821
0.630363302759764 0.481706638990125
0.651040238493853 0.554328263961532
0.593531158885639 0.581545476407423
0.632990592870276 0.456293453235301
0.506975580140358 0.515729108049968
0.605102052154119 0.49560851756584
0.593401232449427 0.560143878788973
0.644929694407695 0.494020889044038
0.589347627679205 0.503430364134738
0.591365051351404 0.499898215802442
0.623899994018596 0.520415150694247
0.634643747332959 0.527651890626919
0.549102695225783 0.488089290800247
0.560862600821823 0.518843966182417
0.565386766881234 0.508530320642214
0.627963602749258 0.455171384022467
0.627018853735221 0.570089441109743
0.60828906385124 0.529733777319202
0.591334914420579 0.508309358165999
0.573275514935573 0.518255108061027
0.665770444993986 0.480374611657561
0.568157988972574 0.495994107716043
0.623941385404916 0.48326975780885
0.608950138062055 0.464625251687619
0.604544018735835 0.452723915100861
0.650553170669938 0.515755868644145
0.498076056933078 0.45976745354754
0.559348126260737 0.500435303428556
0.504854177804338 0.534152714219737
0.589923980850045 0.498112071190662
0.56392487563721 0.496276907172726
0.619819441079939 0.516841986124148
0.662030839532069 0.545331202139964
0.590045403919884 0.508700700593455
0.615685429477681 0.471044355428594
0.564062930291279 0.541003738952701
0.586731842123198 0.464506704756407
0.576356609701537 0.502253460713744
0.586509128953907 0.542155069749821
0.53868694676434 0.586418030389151
0.606942780875049 0.510041668965663
0.583787488991496 0.470490511168743
0.572217533594307 0.549436264781699
0.593741054480618 0.492854552306258
0.334584957900474 0.452720413714707
0.439753405242095 0.396704737825903
0.446059526754852 0.538243208594081
0.478470920510612 0.458221028837799
0.438069676175318 0.374923552433514
0.379175860867973 0.48468994504279
0.452706720793855 0.379666742701805
0.443795818081575 0.502713580369223
0.450077242316997 0.434100479821307
0.483955404247495 0.457299351457526
0.493855010874995 0.405893500539399
0.458630816067316 0.39268796013505
0.449512893898684 0.402365478840785
0.394992184848108 0.439191057615871
0.417469208213841 0.439933664104271
0.413238658393339 0.390548488145485
0.508395892423804 0.450004400980044
0.451679126482426 0.417620518115493
0.468447577397423 0.422731041306184
0.347399343451626 0.474038978461506
0.386830328673762 0.434021135910068
0.398916300855387 0.444212483033895
0.371181696080499 0.397107459758359
0.398145495703498 0.419082346834765
0.463529005197671 0.464478443568165
0.413543028889721 0.406006045094348
0.427864823704898 0.368514765276743
0.407740669309863 0.423444323685545
0.417529106926974 0.426735439095993
0.462508976381324 0.443747861596217
0.443792191645916 0.421742837588987
0.399622142789171 0.490936668040436
0.441492218616045 0.424801298394456
0.428090225438558 0.442446346342994
0.484128535287857 0.429585942573819
0.483338972710143 0.430944417876796
0.410570539619282 0.461350892910908
0.436293910672494 0.391733644833842
0.442791670552427 0.436735210377396
0.448733522855668 0.467413918184977
0.384243617127783 0.432023157435975
0.398313687288393 0.396259686635836
0.480053422002689 0.432606388329617
0.44114958297098 0.449190391224005
0.442537507432502 0.408509911342933
0.396937392430882 0.440640944107367
0.423649467399314 0.448130659189662
0.493773978795432 0.475168363070411
0.363002770648651 0.367427772450202
0.50529979171718 0.504835482903266
-0.00238900390105324 0.103467148819321
0.0125942609066235 0.037573362313013
-0.0110927164644061 0.168454188856313
0.0478198312588627 0.15388160725786
-0.0364837622042823 0.0348060105038677
-0.0161178746101689 0.162753807148188
-0.02099890694837 0.0642620030041147
-0.0469107088489419 0.0722751127916718
0.0805189389168726 0.125812870204281
0.0775677705871205 0.118613457548999
-0.0327791330890533 0.0887334409330341
-0.0128929979227829 0.0852172364126895
-0.00511624920754772 0.152384639627544
-0.0356785621859056 0.0973994341887961
-0.0026818041919391 0.142820540823296
-0.0539860536373439 0.0994189837025883
0.0287193321158338 0.115032227285795
-0.0169154966285124 0.106116009969532
0.0105586988036523 0.133189478008853
0.0104858512142244 0.0892555226184882
3.96707363865519e-05 0.0766694149396231
-0.0200410527461566 0.122388514545724
-0.0242901599132743 0.0572906931518118
-0.0668804771244894 0.106284326603932
0.0393683229149309 0.0929849365457068
-0.0561386245626095 0.0635144570602479
0.0382973426775688 0.146619294701313
0.00907861285657833 0.106432635317453
0.00961036712128261 0.104105901693405
-0.00508573337672105 0.14487016474316
0.0224911664648041 0.131374759585067
-0.0604021499377111 0.14187991844294
0.0117614499574328 0.0653963270684868
-0.00564097256380539 0.109765829886501
0.0175232747400842 0.115548119020727
0.0614213909421734 0.202942654898395
0.0683173584674138 0.0848903570053178
-0.046113486989016 0.141275929331385
0.0205780215752402 0.156432242021502
0.00971859746829111 0.124230306187451
-0.0115616708674493 0.146105778906986
0.00895160007384404 0.101299728265278
-0.0109705430975346 0.0963003115602217
0.00711872446185922 0.0292263265784494
-0.0331871321106416 0.211425575678108
-0.0153585865177358 0.107855761214772
-0.0147982834509263 0.162114616600835
0.023844470970729 0.0883108361292037
-0.011918187007624 0.124938836685603
0.0407782248270441 0.0442843628621961
0.425032389880616 0.0279181837014352
0.413934371317177 0.0840720330413391
0.444967156799575 0.143811745728625
0.448765347954817 0.0821878496172485
0.410475627044609 0.101393828018165
0.370568828454053 0.0991006076615905
0.459865242260839 0.120262422853248
0.38949869754683 0.12055178740897
0.375681790110101 0.0277753459037801
0.416433048011285 0.050135041570979
0.403148413794708 0.0832419544238436
0.355814612448864 0.0594759582702899
0.359342821721737 0.114578297580838
0.448329237804393 0.0163479969626615
0.394946416729096 0.140715207348732
0.359650693604273 0.128841006504667
0.413488819929088 0.121789902562906
0.454593092584292 0.104618979814463
0.468766641210701 -0.0288240735816389
0.472290598800386 0.0785060795516245
0.392943623849041 0.0712431417475498
0.42773727320929 0.0659326018728148
0.430299099903674 0.120783003944636
0.395184510987564 0.0880251605338936
0.378898688639036 0.106028475315683
0.466105837832715 0.124117323959234
0.352286465700745 0.140693386210022
0.437632690678355 0.152436285073315
0.487110590845467 0.0401402034925676
0.432094685753119 0.116013428230685
0.384027844206047 0.137330242284407
0.411555679623595 0.149518379912025
0.422038329570478 0.102499640795283
0.409598904961562 0.111307815338797
0.448231198992083 0.0931353085760681
0.433319358085214 0.102076723367689
0.360495903211933 0.0964859475511334
0.374989828671428 0.131640052110981
0.326237153111452 0.128783358682632
0.395185949056878 0.0256854810530464
0.417359977470788 0.0464237223072059
0.396704800350656 -0.00447401057849835
0.435690609333219 0.127375051151714
0.392257914885643 0.047650708055152
0.432680355112119 0.124816475744473
0.350351762276433 0.0788143891074298
0.393671537020544 0.155946174593632
0.468388866654592 0.0458599803789952
0.405775203707198 0.117286244622396
0.421754842341514 0.137175243422343
0.493921724786178 0.104038875158458
0.588000406831722 0.122229889248
0.543704995845716 0.140132601702617
0.518493639992765 0.109232368696047
0.515469505276555 0.158685384011565
0.533476759117768 0.173168367639328
0.561083688347543 0.151476280019607
0.548735799976652 0.166954532661629
0.507948027619863 0.168215031677048
0.507685298608812 0.208468279922586
0.566717356144485 0.0728348343782807
0.538732589833847 0.118675669677984
0.469292599430825 0.127320654616822
0.542607623910218 0.147326262080646
0.474970284653702 0.133689863605103
0.537893757750967 0.161519756103182
0.47172637543158 0.119950361812278
0.583280663345713 0.177095234735728
0.447415438542967 0.204049718170568
0.536158008089902 0.205384121443737
0.507542992271555 0.140654308239554
0.542923936634375 0.163329222447737
0.501334409373086 0.171902303920914
0.573214803400654 0.157297021876773
0.568557584667393 0.157918392869593
0.512718478680352 0.204152321289829
0.564754203957672 0.157597265739474
0.54988731834803 0.165091107455451
0.495673543308699 0.156930689350417
0.54632209442153 0.192622006585884
0.58369751587229 0.161473425261395
0.533450748820624 0.128972871208214
0.450534110685333 0.244727384437766
0.531283515840839 0.154755140578516
0.472106776027304 0.228660648822871
0.54330114846771 0.119556393345206
0.466574148230805 0.153449873840128
0.503818767898814 0.114978018325162
0.523821436699258 0.195075540408506
0.508427154800178 0.110233014839042
0.575546539004922 0.197312676061865
0.539490639936176 0.176453043000243
0.549126892305097 0.117462689474654
0.563577050437667 0.170707956093903
0.493935855380299 0.156188020337265
0.513659351159719 0.165762435725717
0.54419525243202 0.07749542944819
0.548307442895568 0.147616189359143
0.476623189017374 0.148557999709801
0.52073502732931 0.116646491352269
0.218669636013089 0.597490352724432
0.50724449415296 0.618674361403313
0.0894370264898538 0.436978069542234
0.572151170417068 0.14554208283796
-0.0772813322331639 0.0266176081149739
0.0397695763899116 -0.00323327788871785
0.239339351616085 0.348056084041637
0.689679953518291 0.440212614775761
-0.0530689128754343 0.531388122229689
0.458266521438331 0.0812797085782836
0.164286744392018 0.0993395284920414
0.271597988548379 0.422983050057631
0.01311810731305 0.266665112274628
0.520829888341518 0.603877044448931
0.649684050073589 0.497133801068226
0.132720150286127 0.378574873776533
0.579414125971434 0.411203348772358
0.392878982665283 0.558812654735131
0.259935939829547 0.322321046040724
0.209056513935748 0.299887860377803
0.02185029197618 0.108407637228125
-0.0922900390059537 0.488646786966085
-0.0473190881775589 0.050317851444787
0.199435996444584 -0.0264932030663205
0.434603480353757 0.111168628877028
0.143266482638105 0.522481974554934
0.514954984614515 0.5421796407916
0.544348646356165 -0.0300507168408362
-0.0797865888007243 0.0798685597936717
0.52764352158659 0.613758697327774
0.324790305055343 0.108981858904022
0.401671597467765 0.226478305751949
0.0584353625975933 0.00639082897426059
-0.0706355613221515 0.281662357465119
0.245446397764784 -0.0389246177253192
0.399413775351843 0.170590431327673
0.289775552002089 0.248639002531027
0.703888358145132 0.561573491454651
0.585362985529287 0.314848757650365
0.500093731556863 0.215112047029771
0.0413739708243409 0.243726796965754
0.249994357602301 -0.0110376227471281
0.35513063186134 0.00535459082008981
0.0382467280390216 0.050312582898165
0.634484153902334 0.138961655472723
0.0541703140591783 0.128204437897304
0.307807098583262 0.555398763184003
0.220109225729559 0.353148861935526
-0.0863460823913753 0.151689704625754
0.187205619680279 0.0515787203066293
0.0928543188985913 0.207534832911797
0.196805492902812 0.0559085621120406
0.373058187899586 0.302322031097896
0.227561676750281 0.0953549200487884
0.254101410627368 0.569727511300076
0.41253274429051 0.0650361994236105
0.264106166535833 0.224419038081655
0.477751098984759 0.172473086449611
0.116528536700306 0.287252807231922
0.556031506160302 0.40583459253007
0.331687396287342 0.113812189106942
0.578524713818833 0.226004616347478
0.341947644814323 0.125317728713235
-0.102752593466651 -0.0294682796434984
-0.0938491384819241 0.27771535153615
0.0245993572246311 -0.0415816219090616
0.442733858538803 0.372446349838523
0.0990803119180597 0.46540640326379
0.587968882765375 0.427060018523704
0.536482542455658 0.356252235519452
0.0817739018079465 0.221323534784071
0.354905428411453 0.459689578499004
0.255441745363306 0.314273034849299
0.11854090077544 0.0977241306629563
0.17942124334932 0.135652838103462
0.237542894581594 0.213543225774463
0.304243098902879 0.114163480350135
-0.0497386273043946 0.423202276714694
0.404162646407798 0.357257567867445
0.271300242413623 0.524679202024437
0.0677881192040893 0.101883785936004
0.651864018452934 -0.0208023816429567
-0.0176338102026905 0.532685723727074
0.42420022085153 0.467504068626193
0.24061829631154 0.5771714495084
0.153225247170814 0.234526179386296
0.20997691675212 -0.0580714739953148
0.649893929709975 0.340637902172129
0.295636369969889 0.404755544907715
-0.0352279632772553 0.105410628588403
-0.011632872811345 0.306715138419745
0.0813679392332415 0.0849511363536129
0.48183203701941 0.0773648666842372
0.439289193526237 0.102451927304798
0.502788907873097 0.587254088754718
0.698556441562735 0.507880179588137
0.472210267180748 0.0368931745580794
0.244362054028629 0.330108686637257
0.386669191174555 0.174717474202373
0.46389833058017 0.508415329368522
0.488715201598076 0.0160939005486865
0.252077520403999 0.07837502790158
0.438144724885749 0.182975018304108
0.513456052922474 -0.0118625237980445
0.301658261942731 0.159620801777048
0.656875575179625 0.164778092676876
0.0293637300067969 0.0524899050215142
-0.0756006013980355 0.551970010572665
0.654952774355994 0.497322211623381
0.145240312625811 0.00716260756649625
0.362174839413762 0.0804057855646245
-0.0205156427165965 0.148241198123185
0.249628543494198 0.314959593910274
0.0467576635785118 0.457448223792941
0.332720910399997 0.41086965630687
0.114593424918995 0.108693456040297
0.0272416613064373 0.301806561929197
0.241874888513057 0.0262279206010426
0.301345558163655 0.589200613949343
0.311171535307591 0.32352602945758
0.268287300457238 0.0490001386604569
0.454217135263567 0.375074230614684
0.561753532843621 0.379893750979156
-0.0380797552489635 0.275606463664066
0.537933857672869 0.246594692416206
0.398250277198034 0.0471121540308961
0.316185552157065 0.452094430001958
0.687472916829794 0.111411090835446
0.5884741063388 0.605418024372841
0.62616970922153 0.433506921555315
0.259127499399582 0.28842040386695
0.0878760572378177 0.380033674480664
-0.01917638786943 0.585933793024345
0.558836167249798 0.352088829091747
0.122128399602817 0.169443124282623
0.0752327012547489 0.291795367554776
0.660621951937298 0.295054845206025
0.0884163100559077 0.343068751465243
0.643233827234356 0.263468889400573
0.391704455804167 0.518007275513108
0.0803239397428968 -0.00629236204191709
0.0782342173033597 0.270340270199917
0.645488549418787 0.257522313677815
0.589566813664919 0.426457844491581
-0.0655011135541374 0.161616768870431
0.422445456889437 0.405506664827436
0.703320692476575 0.304215589237014
0.462819888242443 0.0200440608146368
-0.0973864538888345 0.485258338736406
-0.0159722363912603 0.44232522063719
0.367474462770627 0.347395494525053
0.325300129534187 0.042751903741049
0.0362104758914353 0.20695274505574
0.27542596574136 0.134236018682309
0.687781770660586 0.331301408522603
0.0413990851027824 0.532909610426258
0.243303251298123 0.278845017004449
0.229658243751289 0.367818419634997
0.167050537841337 0.384044873133422
0.0467474633125214 0.535811280482331
0.210982366545359 0.345855476079315
0.180567375266768 0.135250524239594
-0.0569508673927817 0.321629781295841
0.450307486357353 0.446219538415129
0.177036245053505 0.255122234055172
0.439575890078093 0.149430726662827
0.371733908563239 0.0369925019811188
0.658520014078829 0.196767833622585
0.252615643347422 0.551492942886396
0.360464564725089 0.10304565555346
0.0842158287855809 0.145268201168966
0.0912673774000578 0.00405711203435707
0.651820218450213 0.565102605930886
0.206047112367055 0.257035244912907
0.358790386945406 0.175695797352425
-0.0740416943160417 0.0474637807175253
0.294395058890346 -0.0472926485877528
0.0521955352663773 0.121659228460456
0.368641942708671 0.494890711974303
0.122025477852626 0.0943739965803864
