0.112688047937302 0.351660795616199
0.0167861440552463 0.359943003060606
0.106989015826346 0.32636585250271
0.0800688621115533 0.260809379650426
0.0970112845883664 0.290433638529956
0.112164884949207 0.339822294411339
0.0220844151651476 0.30753960691842
0.0284992291455009 0.367876627976248
0.0449954247217995 0.381882238751156
0.0744550760041694 0.329033407759549
0.0713470657085067 0.338988544476181
0.18436225963674 0.352568959233061
0.0655269593192584 0.343181147167875
0.0554852717610828 0.301269263418601
0.0580882152694274 0.372235249632741
0.142987708525172 0.36703843208256
0.0709926469187602 0.358133935492753
0.0911157509809079 0.296724381558465
0.090116168658336 0.410781091979387
0.0744281372390595 0.295423854126607
0.00706488329468432 0.380612712054642
0.0626547996906367 0.289445305619986
0.074099014129708 0.306836901114412
0.0861251604238987 0.366120765658165
0.0583975124250827 0.342171981990054
0.127929428744841 0.331243539667173
0.0819313293307755 0.401796037895139
0.0646693696091725 0.3815498210463
0.0564333045577121 0.317573120581536
0.132246481561774 0.322561014192536
0.093217487446358 0.316563306595905
0.0763621117458151 0.337992210405699
0.087197220236407 0.283640233154947
0.0448536716506016 0.352452924951619
0.123155489440073 0.352238611333456
0.0868224861787251 0.35933926091102
0.0842584910004717 0.288777996555263
0.0926332727266514 0.389901857183636
0.0874182861503273 0.280952324712833
0.0702193408340559 0.280326087349217
0.0238070817552287 0.314472892368424
0.0927431300929184 0.306210835281618
0.101340935591838 0.33385658724372
0.0740208063065959 0.37366175772626
0.0543419393874289 0.271152362601882
0.135150985282914 0.285069872137362
0.0927857311267219 0.352868061439272
0.0918985881606831 0.322536845198802
0.0660852518196731 0.325744246471285
0.089598761883506 0.303370161489542
0.329638474006707 0.175080351904704
0.320952188696827 0.210462498430418
0.299561535658448 0.186496455752314
0.276590220077863 0.236176135039129
0.327052616773809 0.219859398619852
0.351981743626766 0.140865972769616
0.359569895235488 0.167066533019591
0.282708319440674 0.173582637454918
0.396167247956672 0.174814718672085
0.33879279891902 0.142059412606584
0.390201678615573 0.233952448585401
0.356459333644548 0.155085957348941
0.34028821184648 0.239479741028183
0.295306951959392 0.249947951109408
0.282721715095068 0.22190246672932
0.346720428080109 0.207450803594033
0.424575320206666 0.202363742297213
0.33573962672618 0.181006868793493
0.314753450588134 0.269850363616131
0.318458853985523 0.181949730989103
0.273128591469622 0.182697358006978
0.329022341313156 0.204987131677663
0.283916160042466 0.123967692094691
0.327867828139229 0.192837197908881
0.311061931557515 0.234153254000877
0.412389657470481 0.262783789087729
0.298993140895419 0.212440577423585
0.301542725679047 0.162376099733812
0.379462689978935 0.15086635931706
0.342115005469652 0.214065608067992
0.355638083190474 0.252801817728205
0.329697320513999 0.181328696125221
0.398057588633518 0.165578660827805
0.423588975850505 0.17639291417977
0.268556604730318 0.209450821078385
0.324142614436569 0.229388050128911
0.284431998363535 0.184736479703818
0.331826621079731 0.155040039450719
0.352782201535917 0.192383172675528
0.355142464441197 0.202268659452404
0.327722197869594 0.181960341825558
0.317864310101027 0.181233303321207
0.35733060910677 0.201433210459315
0.311915964861895 0.219810712153978
0.309857960329947 0.203774551408424
0.268911009677226 0.201531630030007
0.29022578530422 0.201780330462125
0.401693510010797 0.17235537956409
0.401065192610268 0.186826633324823
0.391583789115628 0.173787283355216
0.0330536493230578 0.455749797014038
0.0431448256298634 0.513117022497571
0.0194559370369823 0.531061088676131
0.0155359907118039 0.506794797845553
0.00879017340354637 0.483491513549561
-0.00905324209991247 0.532572955923378
-0.0257078171998801 0.463818819332531
0.0609792005562156 0.466234374144984
-0.0102957241035106 0.478593840335968
0.0869822915147346 0.489850055790538
0.0196128052838313 0.487009466259217
0.0601156199064772 0.441518531123397
0.0853276919659487 0.5075761977776
-0.00224762252666128 0.486791453593926
0.0972677015000189 0.421885972711236
-0.0216474635681275 0.472485839022734
0.0867263922048603 0.45667335567263
-0.00714886177576185 0.598776532713293
-0.078250415117987 0.4723690463945
0.11648631451048 0.503445852348172
0.0817779615164179 0.464377563229846
0.0615904286719861 0.488577010605657
-0.0237833388801685 0.442333347666995
0.0128985827492381 0.481720843005718
-0.0476235182598062 0.521815795251284
0.038405827454443 0.466921532034179
-0.0630876501963576 0.552827855842979
-0.0193889280700198 0.541606816244144
0.0785446265892553 0.474448029446894
0.00619280193853129 0.44165269109688
0.0161276889902445 0.43550126118886
0.0291468886022502 0.526082982553642
0.00987930805611294 0.497843045417113
-0.0115219546149954 0.482891097292331
0.0511562063698556 0.464700511229609
0.0223611401223851 0.532007945433371
0.0646017022045989 0.455297834363585
0.0202605363622219 0.50399593363805
-0.00531402125052459 0.539305566562076
0.0646160066714183 0.460290648200791
-0.0609691518593664 0.520986898735591
-0.0280221435491997 0.448579508330243
0.0145103007962801 0.49582678907976
0.0495649287781558 0.501190821495593
0.0378580386589523 0.563858884430867
0.0113536473688462 0.491862485485907
0.00839460948546345 0.493898162121609
0.0888033542028688 0.461865509390044
-0.0428912248330023 0.455786128445837
0.00421121348493569 0.464270663416065
0.206833024806454 0.306998578844761
0.190779198191834 0.36177696607027
0.193791196366937 0.288202709864369
0.261827937494935 0.253638031688573
0.168450555636913 0.31367938175849
0.322568725255307 0.308751147771064
0.219956551871774 0.291802401524618
0.216726330981357 0.367833419061287
0.204216307072182 0.296140620643108
0.226467116764349 0.312614433553671
0.238912923746852 0.33019745263041
0.222507502883352 0.290557928559761
0.210704638560928 0.214313478531677
0.234266531751918 0.266858561540183
0.192717318929579 0.343737948252933
0.222076784174723 0.297575212954169
0.236496938602688 0.300267127393302
0.248905162881187 0.340841702687607
0.226816354721412 0.313979365693312
0.275410922204831 0.381199795251181
0.226333458142356 0.296223070393352
0.254845794048236 0.32546515077753
0.212043543757196 0.305968193799618
0.220921103989344 0.309185932061104
0.23712203904798 0.368000892125965
0.2263335827279 0.339815092524271
0.131879624680923 0.273181430786973
0.243682623531938 0.27037722023459
0.231641520351942 0.315361142761523
0.211355170105684 0.301114119507908
0.232687299235089 0.282963769761098
0.234189094312848 0.286049755499232
0.187853744237787 0.278038628745229
0.263709405514321 0.29172805585338
0.170672346223662 0.275910171990768
0.199799936705658 0.406993697451003
0.252262997286317 0.320282735195899
0.187257941256872 0.291037380679542
0.177012988471049 0.245164590850413
0.173886321038729 0.333425931128794
0.272126576418693 0.311297866485311
0.231675688689797 0.24448575009956
0.292639721708321 0.25769371727452
0.186571576020632 0.290490655977009
0.182830386478899 0.291127499964043
0.257206548675205 0.277295679402959
0.288817083915599 0.330195195044049
0.200196162672527 0.335583823174151
0.232957221340117 0.312202370176111
0.238848514826031 0.279464566874929
0.276192884276483 0.644327490395794
0.249615071174126 0.582888295935487
0.255305489428511 0.525874872934467
0.292144266063791 0.653282494085637
0.342109850517058 0.623751683994141
0.32696778485166 0.504835666086785
0.225924206064687 0.575140237275987
0.319435282054592 0.58942097566497
0.338629701394955 0.595651781611278
0.249107211142793 0.667726192172165
0.312905171676262 0.624225346798217
0.227286285375922 0.611452508780527
0.304584383639771 0.627909601949926
0.356725775178549 0.586014661834678
0.294856403084029 0.554425803877131
0.285962487839412 0.629711251562061
0.245838776796437 0.496189754317474
0.332841367328819 0.597355993290513
0.281497529110608 0.527731051893946
0.24074284103657 0.618165208001049
0.314523445210012 0.551945519952991
0.283504839965134 0.630767089975583
0.259254103067994 0.547559680267173
0.295512392318234 0.62400799076495
0.258759393131142 0.533187756695144
0.278925392537872 0.534850178049407
0.334721579261098 0.531865798744077
0.267827309241469 0.540715997703616
0.229962869172617 0.561446174622608
0.279292083304664 0.635512203074338
0.24606743520621 0.579179370438555
0.363534844627839 0.623710998688779
0.199287751690163 0.617786317480715
0.274286526833912 0.55362053648448
0.35584676819023 0.610702034952871
0.341222799635987 0.48865317992037
0.357984470155058 0.552789490717682
0.308375138366675 0.593957607193504
0.322268610716316 0.577694659228792
0.264660122015984 0.578576969238692
0.311359598321585 0.664768223798503
0.357783025561573 0.59282633133011
0.37204897317881 0.589004577071586
0.299433766863202 0.5474083142476
0.238710988635402 0.541962911822907
0.270483164892531 0.591772783003526
0.351056340259511 0.617842243149135
0.354370070780093 0.505936268628053
0.247196091161999 0.659883831283561
0.351464715423469 0.578799829304823
0.434827202837693 0.0233443228946606
0.502111355794957 0.0148672281490637
0.527934435086649 0.0427783100050682
0.472056175379125 0.0803002283008616
0.47424103688458 0.0437843930448579
0.524324020041652 0.0636319421705321
0.408610106414627 0.0214903545762654
0.506280812659223 0.00924155826596781
0.467896614338625 0.0383586324039259
0.452230608680602 0.0205661958607284
0.505317782050136 0.125140472398354
0.489904591758369 0.0438715385265835
0.516426972719584 0.00948874200450318
0.479621064399088 0.0835310949897768
0.579069444459959 0.0170731397966077
0.470590334365356 -0.0332405637512741
0.425745571483966 0.0528080241100144
0.462782128573631 0.0759647157581821
0.518877391021117 -0.0125986060367672
0.431839270135968 0.0403546029646076
0.487916075265157 0.0567826141364169
0.530596204638959 0.0585413714132832
0.457128069436721 0.0112249336494236
0.458748422405522 0.119988251658136
0.427717122676101 0.0621827877954878
0.416815522218462 0.039061203992589
0.529021921839601 0.0660462565443043
0.488202980727139 0.0645989631282117
0.417996250116872 0.000997408395103062
0.503844659101582 0.107327852395116
0.468202813707823 0.00246162257444543
0.496620261170492 -0.0072955441011041
0.47594638307469 0.0436612230812257
0.482247989120056 -0.0126889805109818
0.402514104434711 0.0658837837535489
0.520546629070427 0.0425611218914473
0.447507243884473 0.0257956945464458
0.50249937777364 0.00770427075278146
0.491158268405079 0.111284490065887
0.511978524283781 0.0156582193624346
0.421574141112455 0.076833619882024
0.517558869705112 -0.0313338903308731
0.410805653387492 0.022460127851308
0.487957259514558 0.02065706386222
0.552538170979821 0.0249959149363695
0.559734993375242 0.0468569741006591
0.5115452602985 0.0378560344567178
0.444202098932923 0.0366011793631684
0.531560116374794 0.0314171537992615
0.440265931208758 0.0502100086520891
0.543275164143133 0.210128915624024
0.0566170565802278 0.0138817258460852
0.0573215540401927 0.221038207736547
-0.032715717350768 0.631236990515037
0.295034749004489 0.466647069944121
0.223214373353104 0.642051299867643
0.466264181492889 0.538245033056821
-0.101351587193826 0.111834436624649
-0.0872710727703814 0.61538025201079
-0.0885094105548647 0.583902177041977
0.32582713356368 0.69286661740879
0.567641813862037 0.653441330102612
0.270577341621577 0.0563422011436236
0.252885882378524 0.435916880207106
0.079863651642828 0.467940976132222
0.484646567142507 0.29651357348757
0.300430310462436 0.390958701568146
0.0247616775446477 -0.015562719384083
-0.0546337785024336 0.545038039104871
-0.0118169448980684 0.428809201302119
0.536015976295222 0.521309040995314
0.557561573871044 0.681082597796083
0.306843351483025 0.25614784904103
0.261026128052907 0.0186685755632445
0.191782088400761 0.368987875600207
0.106053693450745 0.166599799527929
0.0951594047131271 0.206394595666462
0.186022232827277 0.519484703977432
-0.0915754297451397 0.511038394548066
0.216485180276086 0.131204248189989
0.140994228329856 0.49809554359137
-0.101075312740513 0.692946119622729
-0.078540630032092 0.508056706513179
0.509077660045336 0.392593740086022
0.172356082839056 0.0530192506858046
0.0807278199786602 0.505052378670122
0.469975198953182 0.343799579174665
0.462735430214618 0.257517534583546
0.602953276694003 0.509340033770396
-0.0297998880281474 0.157443043626332
0.26646578168281 0.229338859252406
0.488959145546793 0.397392893772938
0.464347572313356 0.355888887663163
0.59343862785934 0.130977722354288
0.369892670281155 0.542656710660782
0.398456368969955 0.333889326941637
0.490637601721413 0.400227280366096
-0.0592476282178853 0.328092225581959
0.345208807186342 0.234875479202639
0.499145343355289 0.220881994823539
-0.0400369598232121 0.169823046445624
0.482149242750937 0.577628114759811
-0.0410901287422016 0.668422889829165
0.055064956986021 0.335371002540319
0.00065924457612245 0.382831680153954
0.40322020388207 -0.0653526388764207
-0.0342112190886498 0.0970277296595245
0.298749760839357 0.193974343859471
0.426672704373011 0.372960122448335
0.303986738050604 0.61852608468274
0.0714790544528041 -0.0183501094191142
0.309779345369599 0.489037104649159
0.057983595346277 0.169802872109721
-0.076542848135205 0.562685355542506
0.231476838486698 0.171506623566389
-0.0749161092658769 0.45239770365945
0.0496991109549715 0.58120849492589
0.429942114389999 0.494894418988177
0.365768340424902 -0.0287332515404714
0.291888348952556 0.0866508298505216
0.474022456936068 0.147741585153727
-0.103956733208144 0.153273437720533
0.479172964956429 0.432508864298481
-0.0919302067439789 0.00537410277369029
0.503182667117859 0.589501584844425
0.33542122477686 0.429908037208438
0.582406766301054 0.427416450764528
0.336211810095115 0.47542844212871
0.0446834070444093 0.083006887930882
-0.0504297943412302 0.582661820292532
0.197087883153256 -0.00239660013875448
0.0213993200696553 0.416937096925759
0.206820166768207 0.283340220846743
0.313767056242866 0.191938467269841
0.595601097180504 0.166897707641283
-0.0215040161343809 0.419143042339353
0.159007735604956 0.183854514248176
0.602656738631501 -0.0175193615033686
0.040763412066142 0.0203262272588791
0.316206337595066 0.559381774570389
0.371251913445974 0.377560660589997
0.219387340174995 0.404826339980126
0.151002293871639 0.333853143769975
-0.0454724193007544 0.421762021293524
0.471305867651729 0.450741805612386
0.423905350946138 0.0248828723649405
0.360387014483967 0.412922358557392
0.477844856248212 0.457892804459325
0.094018316695731 0.370273156593949
-0.0125823398237423 0.0276153526511169
0.542856197225955 0.600936013732939
-0.00490506600444232 0.282786906216646
0.0640950245560643 0.37298743877265
0.0844701301654555 0.329111149921733
0.46584888464885 0.247947069484653
0.104787909505771 0.138734486945452
0.482620172308625 0.519427910126978
0.0197454326817393 0.426429050533988
0.523351105983568 0.107108226693152
0.143560294839811 0.205166775363067
0.416352098635661 0.106596620865124
0.00396862803556916 0.447591756158757
0.334670323526991 -0.0097365543492523
0.143743896867037 0.101940578288733
0.497012876979051 0.0599807896308532
-0.0335873282527378 0.261555456704228
0.208770969670403 0.0399635655968678
0.291334405313524 0.159666133806674
0.0337998664865953 0.357008230965461
0.512072943726391 0.171395630891101
0.11807868142349 0.40545051111719
0.445914915047686 0.494380782591289
0.248528637272419 0.160200425686222
0.528753468997684 -0.0119320764759188
0.0672562901674483 0.431568333771745
0.0909257157550936 0.211084939292204
-0.083954612385388 0.510365795468268
0.399142036023858 0.554206386252852
0.127813710295669 0.12096062819143
0.479187463187978 0.50662026158846
0.331208206913953 0.669501603040986
0.0141438724870772 0.373798940638247
0.574183976461822 0.175403750522652
0.50496089947238 0.407661835873863
-0.0130196356777445 0.577432192844673
-0.0959160220905289 0.120013322024372
0.13010491952597 0.297972995958851
0.016031156346333 0.114660379398142
0.233954489153484 0.13753441247172
0.00298479584384371 0.231804311006535
-0.0176425906369442 0.68609747688757
0.218482660481521 0.169520681517018
0.377562651367656 0.459657985617234
-0.104409110260119 0.5950883037957
0.173338658826721 0.531608352741157
0.316001918351461 0.6633541366959
0.514647267436896 0.634048781744023
0.31551995562691 0.646431933069644
0.399515834263788 0.0795091860151584
0.491668393166275 0.273014905583888
0.19150028074399 -0.00376922402327313
0.559463918680524 0.4728559775063
0.605642443777688 0.0488164057082714
-0.0967936248074596 0.36923466447987
0.10765149508164 0.142089114457434
0.174565354662038 0.626439586338182
0.274992447368584 -0.0665513953247284
-0.0641206804975422 0.67151067702133
0.101448322142495 0.595743531750253
0.0502588159220947 0.625110117574962
0.260541713157287 0.216054663642387
0.50394026547926 0.144797450497137
0.279616413365357 -0.0144099811861583
0.271136807496537 0.671104015346458
0.212591290044974 0.084597422353179
0.140953077480826 0.063540333119516
0.254708277603388 0.476995460098487
0.201337353881358 0.519838498348033
-0.0400131506645377 0.283703926948465
0.191344125383448 0.204996483239506
-0.0798785867389628 0.202958488632503
0.313983364964362 0.0464058527269501
-0.00573105856041678 0.178679497856721
0.443629339078466 0.283906713391919
0.213167408005724 0.647102982007595
0.312016368587879 0.0901285960244323
0.228250548243546 0.673395470111023
0.498278005065705 0.551392142147064
0.21359556335115 0.148257207675479
0.121446526038313 0.455502039313073
