0.687351661529991 0.0221424235316218
0.79946246196822 0.0548995949256191
0.741639120528456 -0.00601723627865712
0.654980437616195 0.00132534086043268
0.759746409149171 0.0850912139979869
0.728108791694122 0.115785224295467
0.734634546437031 -0.00551992732522536
0.715615468222527 0.0849734517137522
0.826322231578341 0.0073063670129782
0.750026191193122 0.083739719667307
0.704705535547719 0.129823771050314
0.759863714452799 0.0987751977451792
0.80510016544893 0.0245189330711247
0.758551533554986 0.0520845126973073
0.807511259866482 0.0617499939323304
0.856128997457965 0.0436092409222732
0.670592939635693 0.0324735513504971
0.779787116446379 0.0898018556392426
0.728946719196369 0.147210607009903
0.655396442552745 0.165828115634805
0.783605886837456 0.101294247473592
0.71697339264796 -0.00794780518400864
0.800945846450718 0.0834877461088434
0.630114421223379 0.0779430139070691
0.738044386999413 -0.0059784630538938
0.858492502701091 0.0606579412867028
0.741393949276607 -0.00396992539653182
0.815320865792039 0.0667893695441064
0.685639606417511 0.117632240500272
0.838120959168444 0.0567665240796607
0.777383943282898 0.0630056140398113
0.743786812248607 0.131700012436499
0.783574923896769 -0.013369983355482
0.771873578642931 0.142245971231512
0.78851113132 0.0428231687742884
0.668768467293773 0.0836087943379521
0.74972057982484 0.144140666003239
0.809470377344489 0.0511841630312043
0.701252509161993 0.111934839785601
0.662926242257781 0.0866349777175446
0.682893767154669 0.0851842738987937
0.751812497562755 0.0301075531355912
0.73480775056414 0.0472529969881863
0.732273559596308 -0.0190328007333535
0.822273401891084 0.132588812746169
0.694829629770139 0.0947105209260304
0.708226187357103 0.137242146861497
0.732202164275296 0.0653812111593492
0.794855491733615 0.123195282751344
0.717021879600476 0.0520992647711167
0.0992631420639701 0.105854114798128
0.125705457962597 0.210731893225567
0.278796875200763 0.206260677056382
0.142550160796723 0.18556414479057
0.153177236346751 0.168759352623664
0.125581713316716 0.164570535828025
0.170983959651491 0.109185757732884
0.153215172672796 0.198436608812004
0.189579836833472 0.0965223272759356
0.0810437914719265 0.175905905889019
0.158157166718931 0.202373552230425
0.142473394990292 0.234830864971545
0.178939861792064 0.214260550287144
0.0766975213529499 0.21425620396231
0.18783615604283 0.175888518277811
0.213415666353289 0.211705150178875
0.156988757468732 0.235093070117741
0.064402417265629 0.225191171159908
0.13499224329839 0.137867574528142
0.236716374664249 0.149738605235473
0.188721470045134 0.17369882287302
0.263435119134152 0.188036845280135
0.156754099082729 0.20440040224896
0.152449912793389 0.218587320511868
0.195318569247808 0.0892705644364888
0.166136586021728 0.17649464718332
0.190299327754635 0.200650640553361
0.186802618492459 0.104682181479939
0.102342276626532 0.204832141035531
0.20955664236688 0.223508706505043
0.119169736726945 0.177814921955197
0.245255727758701 0.159693764396889
0.140080065790184 0.191844658925383
0.193741030577045 0.231822291913777
0.13243973919876 0.193960668711749
0.127232168522183 0.2129433256489
0.27692216119327 0.219483303816889
0.0790116118110961 0.240404869362822
0.197302150215502 0.217995930579544
0.100554138481345 0.191519441316602
0.219525867745882 0.186215096326861
0.209857801064083 0.225813044704188
0.12004941823134 0.243302943276701
0.139907083603066 0.148762597921646
0.111176033890321 0.238184084634848
0.076883159513957 0.185569532229739
0.259871421755169 0.200342591698298
0.178180943385538 0.264693755467767
0.225871229201332 0.116677198809391
0.0922656777585226 0.107848726491649
0.691122835040393 0.257461219721333
0.549704493449648 0.275901539317404
0.604623260753907 0.227204241633346
0.585738293632385 0.237930957450803
0.570130779097696 0.297776611469277
0.537201003122817 0.18322472466027
0.534967778195945 0.26957464126562
0.523616938609294 0.218596574947138
0.547518553300338 0.302194790145496
0.506042233529408 0.286317680941769
0.565954464921578 0.216459601849701
0.623618048098718 0.280212846952096
0.523256964273096 0.277535566339751
0.539716885582601 0.214453826882858
0.596395114535648 0.22719070868824
0.525883965459245 0.260474591460792
0.59149752544156 0.258350833040348
0.518125344081732 0.326359552457076
0.555881948054037 0.210961278995522
0.546893181889317 0.210022656240262
0.549718861752222 0.256774584395785
0.508251775609688 0.353941016975774
0.583908432310047 0.254790597308732
0.527409745874492 0.220958398686579
0.599924546075319 0.134197686569481
0.591067173779936 0.313615049170736
0.552624788334551 0.193019124517225
0.615360302945968 0.216538150111689
0.595048660092274 0.211123162641815
0.52612872673861 0.246630410194742
0.596722409749348 0.263950527756264
0.562929825874426 0.333568698965031
0.554677975232076 0.174069043438825
0.498715224555971 0.273884585664739
0.541558619153234 0.352912648777705
0.53031151416448 0.224307068580057
0.525503804601946 0.21203180269135
0.495454565428494 0.289793258896631
0.572590244874019 0.257811528108526
0.527500207227898 0.154210649826502
0.544121238476226 0.253761595656937
0.611800872517447 0.253104771958371
0.586993867502368 0.185016155685957
0.507508893138172 0.179255079771228
0.642946669410104 0.200548889544138
0.506815690546626 0.175967651444152
0.546786338590288 0.278012087684604
0.582488873299477 0.280865490780822
0.587081472149009 0.244006751979715
0.565447473065393 0.264578194859073
0.517236858957674 0.238164287279357
0.642637064663225 0.242761849724323
0.632500403285018 0.338373358393932
0.552136198232035 0.409444028977631
0.670013535233534 0.288431895171954
0.619803248738113 0.284948713460509
0.692284085184618 0.29994511776988
0.564482565063015 0.278797265907623
0.640275368076904 0.276735603676673
0.630644406216808 0.226200931076816
0.614782572341245 0.254328721691442
0.611074739579664 0.315817005989432
0.644648589262973 0.33157945005068
0.636046974294658 0.314661107835627
0.592805565771406 0.310563845139603
0.578063786741023 0.269985194801128
0.579255445746581 0.34118699338855
0.548488369413153 0.345508084107242
0.618960645854171 0.232994202883842
0.553864854147628 0.355401587106022
0.559239601122795 0.317315422282603
0.559267579432972 0.311341748662901
0.554896829641184 0.305740147420807
0.631667412406333 0.262836231020865
0.558287166456189 0.281676734622841
0.661969704013207 0.348295807607853
0.574214536591114 0.341986952969127
0.657084149769283 0.307569712823156
0.608040750539746 0.350547400380895
0.695144074041833 0.342643771273318
0.555724524014448 0.281609266406678
0.47980011135623 0.251322434307336
0.624526475455761 0.297050261985877
0.592054582490201 0.26756644191262
0.696795011658531 0.232848262697563
0.611992321961356 0.257172510470528
0.62902656540134 0.301857258720313
0.613967493869373 0.288161714057314
0.584355260704165 0.333995891834902
0.61710334797101 0.315353771760318
0.613072219539325 0.309426631558832
0.627395983843236 0.270957853749459
0.606957987778137 0.326843061058536
0.598135370668921 0.358246433953192
0.617795068650738 0.409388761296001
0.577910618863145 0.315876476659651
0.515285728236861 0.259963143851027
0.635473550712895 0.287642293561605
0.563386583000663 0.313066635451764
0.531765593320601 0.255802600514929
0.407351682772233 0.464053924399358
0.443256052638058 0.492733043236595
0.376875236087036 0.458777527665421
0.341133552088099 0.401731820030214
0.406250941330064 0.453993813823217
0.408537735481131 0.487714506094645
0.349488574772118 0.379488834563698
0.401396802383685 0.451634438359307
0.324967706661693 0.497613982207571
0.34304834552968 0.426905723446851
0.411236991235134 0.407464336583539
0.309220395362989 0.410860982505176
0.363553372866584 0.416924410815187
0.462372613370075 0.449460862887648
0.425825926050128 0.338224918300249
0.410726796661572 0.430327605795021
0.433738271696746 0.49868252616785
0.286790459361142 0.389040486784336
0.349483059409205 0.436636740170611
0.412003651340113 0.497779683529967
0.38994342729159 0.453263454778096
0.431028245688157 0.505429508844776
0.463089586659459 0.528441151876195
0.392532151535456 0.491276711543685
0.461384220571722 0.490767338456341
0.437165452862214 0.477182658213466
0.37012381461028 0.526673782073961
0.37854520120488 0.440190411718728
0.416943294980088 0.525227675803784
0.474088188984616 0.461364941846837
0.334815063095992 0.458313317825095
0.342440390242991 0.474425336638564
0.347467900542097 0.424744527294717
0.288973472676814 0.429192663246038
0.440832171240371 0.493843768125257
0.430056202469177 0.490806989422945
0.309729026338487 0.449658474248821
0.424173910329096 0.375612650300447
0.45564919409287 0.45811013099226
0.47373210476327 0.511237369401462
0.382419670056947 0.390358778738164
0.409135473051337 0.489591034923943
0.416675619937852 0.443333061191355
0.391906555872568 0.435184320940676
0.363600916574136 0.432254501131138
0.353520770519388 0.453474936618112
0.392839776546786 0.393965651151741
0.39350535685689 0.531504598826234
0.395698785939663 0.354265013914601
0.412816948127054 0.425237684891433
0.214703231948295 0.42611496821092
0.322440636268588 0.501306072642256
0.239335582520071 0.424813490523323
0.311008911114413 0.50207860336826
0.288043099461862 0.446424948826553
0.258015221241966 0.521644861531159
0.250642939592765 0.505193232916961
0.303573655533876 0.590618421135267
0.248606979245829 0.517489378889242
0.257412987075057 0.526144733389871
0.276766245266748 0.500984920080195
0.249727154308504 0.483850278848435
0.188913468944648 0.446636591727188
0.286174105803524 0.42442301870392
0.279546603133892 0.492446720611323
0.178090804923994 0.485667914205617
0.256285499552038 0.481040666516164
0.281921085929722 0.496616919878301
0.214522434853352 0.42405265480187
0.248191203184896 0.492566613673601
0.320118655381369 0.526845126683016
0.217609567732483 0.546714225046803
0.218261978061843 0.483221386451924
0.219701030801665 0.431412302054681
0.262206099459401 0.495970124322476
0.253763942980597 0.500460339479683
0.282569985291717 0.514530074968335
0.220308327204005 0.451355972255609
0.265991315298015 0.525874985366464
0.300731492773478 0.523776383227555
0.203748971383937 0.425635211782441
0.254466494023659 0.51267261525393
0.209723347813613 0.539656950996149
0.264998575404204 0.621520002351038
0.224661752575832 0.463071010744546
0.26557388778777 0.48563106600203
0.247536746075615 0.530628623257321
0.346395414835094 0.397447396418241
0.25499380957219 0.491117293126672
0.218765135288175 0.465481460148998
0.208096398210995 0.523793873331885
0.211378992407631 0.583295622856669
0.298527108486125 0.543737186733452
0.289612178982324 0.440194009766715
0.285188364725695 0.618252527816322
0.26037056787853 0.583921992997652
0.226821989299878 0.55310129966128
0.212418601712144 0.568900900176104
0.260365282932483 0.517219863594576
0.287629024940864 0.477741381353293
0.79705964905254 0.227897146094916
0.279335585223885 0.489228438984679
0.72902034507642 -0.034975738817934
0.788629710851101 0.154038980202276
0.104866833311904 0.476055086475702
0.567102895498031 0.503610490775837
0.193016910463882 0.557538802226654
0.28513284885333 -0.00869581262049614
0.682973001427355 -0.0426354885481941
0.630957469159403 0.241732149399226
0.595281994445563 0.137793210340466
0.845639128701803 -0.00265682661223473
0.460182429207316 0.0704916542014293
0.413028160212332 0.274850485461529
0.737143364879701 0.219454440714707
0.716377808632388 0.21988470609506
0.157332878768416 0.334777935796324
0.146679712439214 0.109689646847717
0.597918368705889 0.111261050016241
0.224625279471999 0.310724053373312
0.272741555492122 0.519435503424815
0.603638333921453 0.215963626337134
0.330861766952407 0.137030842456351
0.0281832201850252 0.519289646628894
0.744589517835535 0.269733220647094
0.275343025893906 0.484271510096928
0.743260880054071 0.55565515442784
0.338278864411018 0.185769566937874
0.773664162117787 0.617564074251589
0.867171081808134 0.271481658311471
0.110589567891969 0.387939002616571
0.156468983604902 0.240832201162523
0.268311558670964 0.102015404668089
0.35025846542353 0.0804818703263753
0.562740149226457 0.0524104740564741
0.633702899020593 0.152122127480527
0.431918313256461 -0.0313760589970378
0.377548552094802 0.0131632006039065
0.560215271953616 0.0726877819258617
0.507921415699605 0.234287391527242
0.680719714707807 0.325743485517872
0.0717048950521695 0.48000594054737
0.397407061359232 0.612563289011031
0.560269479012473 0.294619229031255
0.804225163423912 0.207281518071459
0.77178482318004 0.404054112537971
0.464919542151023 0.323712603023165
0.729571176282353 0.417962447580173
0.880420481288854 0.135748427663182
0.777416410893005 0.152646671473621
0.436060091514627 0.217442421802169
0.0895571014519027 0.242565237917228
0.352039558169371 0.330477748400864
0.381251090308404 0.109298948407691
0.215353998917905 0.438944992608232
0.816866343723234 -0.0284593499316489
0.390277061345937 0.465580269343006
0.858775132021695 0.28141569607334
0.208021418647974 0.552478121252781
0.768419058524481 -0.0471400377475935
0.244135549405988 0.592045564398035
0.829898620828016 0.187499752689283
0.150570885428595 0.452141789476864
0.650501725469996 0.149113562966109
0.734170906650622 0.38165948525894
0.217532575578528 0.514630735800855
0.46351792837392 -0.0192877075132383
0.181951726865698 0.369452581431926
0.0461143404272909 0.557666065429875
0.3279611878582 0.211467422640493
0.281410382263429 -0.0356813903331596
0.3872328136714 0.45581622217998
0.0382565998963037 0.498944486393773
0.809749127712885 0.590826038406581
0.446144652438253 0.570611260887603
0.0261751651153198 0.418822263246967
0.675689935217686 0.509462675970014
0.624868938749922 0.515999680574758
0.867965666011614 0.544573147091884
0.740480172288713 0.529626430740909
0.387046224833462 0.54430188051619
0.780482270454911 0.404545368407964
0.586208520836718 0.09216696491356
0.230618791285443 0.556197205149811
0.539679493054734 0.31780532879614
0.207321061939129 0.298520315920972
0.670859665140966 0.0559145897727458
0.469389201873341 0.64417227870487
0.552362819836628 0.263268955184598
0.323651182631241 0.00167823332686688
0.0584379739290427 0.253105887263025
0.253629505333791 0.397046110316951
0.742265816364641 0.597854790025377
0.89621130573932 0.0310398701383022
0.452581243818543 0.404006647830163
0.243834606361206 0.346529249658249
0.60878241339709 0.528405702128882
0.768620967537388 0.379648919718461
0.434622067708343 0.612718774992894
0.53359944705999 0.289783495654029
0.708538108311693 0.149870518564365
0.469879465614079 -0.00500574354795174
0.541904002721921 0.568578577257299
0.676171733296929 -0.00937082559259293
0.0393587148320322 0.0800079427817435
0.433136426569065 0.0252654894308312
0.562003270172825 0.549716433662404
0.750675451328798 0.469030390782756
0.520720075933673 0.347919744097131
0.39155018627221 0.498968596519179
0.706989133196473 0.569197025133535
0.807901830318332 0.0931344098599539
0.731336453523051 0.195180780450781
0.325612472213547 0.191884538867962
0.841096506233419 0.549969061592345
0.512990809373226 0.503558288755844
0.0516708819498679 0.0533425508756323
0.398885448255624 0.0633909651874339
0.155802722326836 0.127988109486332
0.590780152123062 0.536262291940617
0.810436691042163 0.507338090028927
0.679996281931907 0.39220843571215
0.795388565876787 0.544604250799574
0.433791369246909 0.224986215001489
0.0804714043989512 0.378250016801201
0.690907084568443 0.367116282639873
0.465640127288024 0.00352221552903102
0.025550776970952 0.499219090841716
0.746138092202145 0.394056647968574
0.48803505318378 -0.0340343537747357
0.108269455424517 0.328000423355302
0.0926601700941339 0.152440306124196
0.141033380601926 -0.00964473895299631
0.590263566169997 0.030683414979007
0.430666114908897 0.251822286456431
0.369954425262921 0.21513376930698
0.571174144650848 0.0896841877907542
0.898470795297213 0.419798494032172
0.338822309897538 0.248588916246043
0.202770923497842 -0.0110921528283655
0.894924983831117 0.487399275455455
0.061022175857175 0.0252700874731746
0.702356750173956 0.547124780079652
0.351410699619228 0.196864076496315
0.888290504785105 0.365297810825187
0.804136375796083 0.0551944037147886
0.37273587072371 0.0416141719778841
0.35386428481518 0.432491186031353
0.596771203185127 0.596510705000505
0.614139990777136 0.0473661514518842
0.126572230457175 0.187633594460525
0.673043902426657 0.24294935861137
0.714804094934519 0.181754166638271
0.125879994309421 0.264921620908365
0.600242545122999 -0.0208063029119483
0.783129103520122 0.6082791725661
0.533310026251169 0.488070281172154
0.398618096138666 0.654139955477494
0.0998453284855944 0.394912350817704
0.72589425030783 0.585284159903663
0.148554373666336 0.446680837604408
0.0384951875989554 0.155773009110733
0.757756413247243 0.00999192468298201
0.478636143981875 0.389403809272765
0.0714183282012737 0.287530338655737
0.821888414204372 0.273556319384918
0.858545445993394 0.380655322731244
0.760373138187653 -0.0388941155570467
0.187454845296433 0.0721573086877784
0.199826991394603 0.275003097091433
0.311607050900627 0.0391531706074636
0.528068614192612 0.00508659650493774
0.0670327669811431 0.0295279958659985
0.179315817359608 0.0782890942860771
0.152641558385806 0.0975821437052866
0.097459230293136 0.314375701891998
0.221508727657071 0.585880100326453
0.689375585639405 0.100444629282631
0.583217183597486 0.139204541323542
0.374895242842373 0.117453568282324
