 0.0448216134  1.0132791040
 0.1025610991  1.0925916635
 0.1716768067  1.0878735682
 0.0776594219  0.8450143125
 0.1941298553  1.0231357432
 0.1456964042  0.9405595096
 0.1518266203  1.0196603842
 0.1529363918  0.8815118323
 0.1353948570  0.9309777516
 0.0675503847  1.0791531056
 0.0951874323  1.0430722864
 0.2683614581  1.0371770478
 0.1791017979  1.0926388013
 0.1301253519  1.0909233598
 0.1078674115  0.9542213513
 0.1063223557  0.9782653398
 0.1892520229  0.8759029986
 0.1402901491  1.0434030682
 0.1937413864  1.0329402761
 0.0309378289  1.0575464452
 0.1387857715  1.0528252177
 0.1120835964  1.0270341263
 0.1475724274  0.9711191440
 0.1017007683  0.9655247620
 0.2018104797  1.1539352816
 0.0951049972  0.9515884475
 0.0578743987  0.9122179484
 0.1161535046  1.0380108019
 0.1130860453  1.0732726888
 0.2208294053  1.0558939826
 0.2173149415  1.0206572413
 0.0914660520  0.9374377780
 0.0891601623  0.9761309937
 0.1572480057  1.0278546412
 0.1681843410  1.1115328933
 0.2457306221  1.0118720444
 0.1662246219  1.0897618367
 0.2013428017  1.0376426350
 0.1330072267  1.0145720466
 0.1533163926  0.8950563859
 0.1374891397  1.0439145437
 0.3113720731  1.0831403062
 0.1477780244  1.0687073652
 0.0800293687  1.0016225893
 0.1078517343  1.0086418491
 0.1570657841  1.1283124643
 0.2041746568  1.0404594803
 0.2671735474  0.8566787469
 0.1333756847  0.9336410029
 0.1765396594  1.0241211743
 0.3932473425  0.6914305161
 0.2775010710  0.9720982667
 0.3597658049  0.8496550671
 0.3736956800  0.9588210616
 0.3016633498  0.9942073347
 0.2872369082  0.9389468276
 0.2922310185  0.9945633925
 0.3099117444  0.7983969201
 0.2872072291  1.0488453415
 0.2466246871  0.9071559394
 0.3050758636  0.9304544154
 0.3423574870  0.9454791185
 0.3387111563  0.8085659650
 0.2973234741  0.8686844424
 0.3019480461  0.9773237904
 0.3422603934  0.8203544548
 0.2943579815  0.9753509773
 0.2209363697  0.8657883035
 0.1709378405  1.0022347998
 0.3110440484  0.8872316533
 0.3029403187  0.9872157939
 0.2005407535  0.9682672188
 0.3383791628  0.8336027311
 0.2388185024  0.9060377343
 0.2028986969  0.9223682384
 0.3290224150  1.0446447956
 0.1940134913  1.0062507428
 0.3464074250  0.8966496393
 0.2778465503  0.9271067823
 0.3608267486  0.8477118958
 0.3441379005  0.9913430409
 0.2740456477  0.9494096334
 0.2321810955  0.9807822249
 0.3888607982  0.9055642309
 0.1806065037  0.7873603207
 0.3002863951  0.8647315668
 0.2059296197  1.0654758967
 0.3834618699  0.9156242078
 0.2759599438  0.9364300409
 0.3041580807  0.9312981888
 0.1578294892  0.9300379969
 0.3652721678  0.8866739791
 0.3860868434  0.9505756694
 0.3179576965  1.0192428373
 0.3486840982  0.9187995581
 0.3028505041  0.9024305433
 0.3989665705  0.9460608624
 0.3383147193  0.9384307576
 0.2923201804  0.8897222429
 0.1897170744  0.9844266379
 0.8504078709  0.4975368895
 0.8306102865  0.4622887920
 0.8165818455  0.3537773466
 0.8145535617  0.4208012037
 0.8158169170  0.4394711279
 0.8129105556  0.4993294495
 0.8880882159  0.3853876890
 0.8552488719  0.3577990780
 0.7624395869  0.3556141404
 0.8375503004  0.4851418910
 0.9465575557  0.4006640258
 0.8219629193  0.4229118691
 0.8533664115  0.3762846876
 0.8668249017  0.3735146872
 0.8282294682  0.4134747417
 0.7649474782  0.4168402824
 0.8335233586  0.3708563883
 0.8429297884  0.3517503536
 0.9776743111  0.4432008685
 0.8511679072  0.4912880205
 0.8647843405  0.3092353158
 0.8115679156  0.3758413680
 0.9061979486  0.4182150617
 0.8193273268  0.4388838123
 0.8143366096  0.3257450746
 0.7394011162  0.4762827220
 0.7919694566  0.3821605153
 0.9009566276  0.5497367045
 0.8710118961  0.4525806739
 0.9456706067  0.3576559051
 0.8734545543  0.3664488513
 0.7751430952  0.3059697690
 0.8103524509  0.3959275996
 0.9326568561  0.3373657491
 0.8411659843  0.4020609499
 0.8864293461  0.3601513379
 0.8856485372  0.3587840335
 0.7813013449  0.4027969390
 0.9217704407  0.3681030032
 0.8462732833  0.6229813047
 0.8256033546  0.3940267601
 0.8469983245  0.4181610834
 0.7912795224  0.3882992086
 0.8110960078  0.4128999956
 0.7996303079  0.4380359900
 0.9201197475  0.4024266490
 0.8683980818  0.3567083216
 0.9536482804  0.4538471976
 0.9387481252  0.4522467170
 0.8340851778  0.3842300616
 0.1092680172  0.2279680770
 0.1221108673  0.1317122877
 0.0790283755  0.2736499118
-0.0912192318  0.1715629620
 0.0555695125  0.1699352475
 0.0960082712  0.2924162820
-0.0800204531  0.1603050187
-0.0735719103  0.1748051829
 0.0282409671  0.1263638172
 0.0105402841  0.0867790192
 0.0374655629  0.1959053218
-0.0568752034  0.2560686294
 0.1308811509  0.0587383953
 0.0775630097  0.1039557241
-0.0228604884  0.1241164991
-0.0241759910  0.3017225732
 0.0621039858  0.2491659050
 0.0871708105  0.1927013838
 0.0075503299  0.2257838708
 0.0327611687  0.1335582025
 0.0357778757  0.1327847014
 0.1456052781  0.1334327241
-0.0142091107  0.2706454359
 0.0377373509  0.2778603356
 0.0128005808  0.3115677529
-0.0114380624  0.1194598035
 0.0653302759  0.2417561368
 0.1225914511  0.3268132497
 0.0922760030  0.1133929100
 0.0472465521  0.0744128640
 0.0373071551  0.2637172582
-0.0298368456  0.1222339285
 0.0068187206  0.2169013945
 0.1131903622  0.2989350752
 0.0009935915  0.2326323000
 0.1413942933  0.0389651387
 0.0261122846  0.1592982511
-0.0107825936  0.2747801016
 0.0144497445  0.2449595383
-0.0294652871  0.0993252318
 0.0290038738  0.1725309005
-0.0198004118  0.1962208271
 0.0721598506  0.1813615476
 0.0755317680  0.2073936434
 0.1039061631  0.2103558992
 0.1058463857  0.0995514526
 0.0243248798  0.0865792923
 0.0410618219  0.2592872180
-0.0523581506  0.3889126448
-0.0249892864  0.2874842329
 0.3920477425  0.6327669939
 0.3334861829  0.6949991663
 0.3828499524  0.6309185396
 0.4449019523  0.6501778158
 0.4290935490  0.6505127853
 0.4489644086  0.6849844485
 0.3494538306  0.6482909664
 0.2820182719  0.5791595430
 0.3931548208  0.7086261456
 0.4164460939  0.6760271971
 0.3560739292  0.7029812064
 0.4340675949  0.6018270433
 0.4208407035  0.6881989319
 0.3409746966  0.6094586843
 0.4233122395  0.6771973887
 0.5196161190  0.6597219329
 0.4180751570  0.6673557930
 0.4129738940  0.7108262211
 0.3176637266  0.6711865321
 0.3924564652  0.6589402244
 0.3990312999  0.6415645272
 0.3003389841  0.6079518443
 0.4330814386  0.6256409962
 0.3376309663  0.6584344760
 0.4013385809  0.6719895977
 0.4291071355  0.6904448341
 0.4029931266  0.5980401925
 0.3131982244  0.5857725838
 0.3399321302  0.5783744014
 0.3628713514  0.6346162714
 0.3453143123  0.6187576693
 0.3004528275  0.6615991121
 0.3330397662  0.6828591684
 0.2385956096  0.5791242244
 0.4823145284  0.6772060070
 0.3386698294  0.6150245728
 0.4002353136  0.6239348903
 0.4568926145  0.6420327040
 0.3870432896  0.7041501017
 0.4096210063  0.5929241391
 0.3971985151  0.6766757732
 0.3850802636  0.7138036670
 0.3047957332  0.8152352240
 0.4342648220  0.6705277110
 0.4638452647  0.6342723689
 0.3318323597  0.6704861630
 0.3808417500  0.6912286579
 0.4027171269  0.6945605098
 0.4343671178  0.5668322788
 0.4390257650  0.5186197892
 0.9063091978  0.5685927105
 0.9655519062  0.6052973141
 0.9176826191  0.5311499860
 0.9594148260  0.5934063171
 0.9890052478  0.6292063187
 1.0312061184  0.5383708770
 1.1322367693  0.5279406305
 1.0160018430  0.5999304914
 0.9733959498  0.4827821861
 0.9334647504  0.6836519994
 0.9621267468  0.5657612579
 1.0353106410  0.5987310449
 0.9834624790  0.4615616727
 1.0112859467  0.5027761347
 1.0267462459  0.4841470564
 0.9328336972  0.5672351895
 1.0285687016  0.7290098376
 0.8993179625  0.5396405381
 0.9843143395  0.6710869912
 0.8774907077  0.6283424123
 1.0162669629  0.4746010271
 0.9744063249  0.5422145948
 0.9979883283  0.5513914333
 0.9373627820  0.5667726906
 0.9552649778  0.6249382901
 0.9269541980  0.5401368485
 1.0171796154  0.5896179496
 0.9783651222  0.4444273216
 0.9053415342  0.6280082325
 1.0088288607  0.6456944705
 1.0474002338  0.5714535529
 0.9377149239  0.4713636229
 0.9894362933  0.6462937969
 0.9455716157  0.6338950230
 0.8568761838  0.5032789072
 1.0650034924  0.6772087398
 0.9641968621  0.5734454187
 1.0024270856  0.5876545282
 0.9632644539  0.6177948866
 0.9800552416  0.5806013066
 0.9409648381  0.5915184802
 1.0263307553  0.5557868713
 0.9068281986  0.6238321314
 0.8550405420  0.6039895505
 0.9436375416  0.6036947215
 0.8977652348  0.5632329396
 0.8986544070  0.6219246772
 1.0077643441  0.5349710171
 0.9506364374  0.6308641257
 0.9789138642  0.5961062676
