 0.585005568  1.051632125
 0.600006846  0.954064285
 0.653539277  0.918338655
 0.523867144  0.980871053
 0.689594659  0.929797781
 0.623329144  0.944370275
 0.619481210  1.054494556
 0.670120171  0.948035429
 0.593803392  1.089681481
 0.651675875  1.010053830
 0.596269154  0.945201474
 0.637214736  1.005920009
 0.652106774  0.962068856
 0.648878157  1.003368744
 0.694637783  1.109800547
 0.633137704  0.972305272
 0.665246440  0.966057571
 0.702332499  0.973880077
 0.599812889  1.083764937
 0.582120596  0.887682237
 0.572843060  0.905333951
 0.615879112  0.945569628
 0.628874232  0.979255250
 0.598852966  1.030319038
 0.600740699  1.085926538
 0.588060471  0.990504641
 0.577377347  0.909459258
 0.585650324  0.986334428
 0.606213918  0.931981078
 0.629707680  1.018561927
 0.728471797  0.957653557
 0.590707510  0.952362243
 0.651965658  0.957232678
 0.564574739  0.945350845
 0.551609116  1.071713859
 0.554413586  0.969844806
 0.727461434  0.980702752
 0.700250395  0.900670299
 0.633477496  1.036488883
 0.673478823  0.918809018
 0.563701650  0.921011977
 0.592607343  0.902533908
 0.574933435  1.014490885
 0.566960657  0.875210255
 0.549739609  0.890328155
 0.633769262  0.952957545
 0.673465110  0.956064877
 0.606038999  0.927599284
 0.511314487  1.010160247
 0.624706419  0.905076053
 0.791233223  0.765701342
 0.760584717  0.837154297
 0.912495995  0.779999033
 0.800417205  0.820506305
 0.849688111  0.606475919
 0.809292109  0.830419956
 0.812708202  0.815973517
 0.857399341  0.776982394
 0.888690799  0.683591553
 0.982075155  0.681443142
 0.909681773  0.679606636
 0.909262674  0.876120548
 0.917306121  0.690044032
 0.895432891  0.714777543
 0.864298010  0.847186252
 0.860303000  0.681058298
 0.859699873  0.745552672
 0.967678038  0.742189629
 0.839264874  0.945338600
 0.675053381  0.727207357
 0.725371612  0.770707841
 0.966397086  0.720341987
 0.877564123  0.597991017
 0.848299978  0.727460040
 0.821644990  0.763000731
 0.904642608  0.719263548
 0.871847864  0.676292538
 0.873078714  0.845287676
 0.843170432  0.827464182
 0.819964791  0.689298240
 0.746295817  0.780217823
 0.707861447  0.705648705
 0.831887162  0.784566418
 0.866389457  0.754470036
 0.834729747  0.804220426
 0.791061230  0.812954007
 0.913304951  0.721691877
 0.821114741  0.728423767
 0.812287281  0.696208594
 0.949322014  0.775842191
 0.780848329  0.745644847
 0.778875856  0.774919407
 0.810699703  0.693813257
 0.817867730  0.676411481
 0.874699003  0.721245292
 0.806657431  0.867356383
 0.913202815  0.796548753
 0.840598032  0.662134628
 0.874906517  0.696618854
 0.915205576  0.648255849
 0.311670953  0.707768207
 0.330002938  0.657268040
 0.149919344  0.680385983
 0.236923963  0.809003574
 0.208791389  0.768313315
 0.271998007  0.820643143
 0.179397478  0.832900576
 0.242065532  0.735736196
 0.153488268  0.747498547
 0.249460375  0.801114549
 0.251874407  0.681419628
 0.208797140  0.804712089
 0.227616725  0.843683150
 0.252470706  0.743405805
 0.229087321  0.785274756
 0.298299013  0.746863807
 0.202328371  0.732755716
 0.275847454  0.762103737
 0.202310383  0.692097174
 0.297238288  0.769568995
 0.227436031  0.792506201
 0.190805971  0.837611127
 0.194716121  0.716500136
 0.177776811  0.842387711
 0.258356883  0.812067441
 0.275622283  0.702073702
 0.205968074  0.811120663
 0.336813085  0.796018383
 0.230466230  0.867983745
 0.307838945  0.748989410
 0.192501310  0.707130972
 0.126951412  0.638703750
 0.270878802  0.774503478
 0.231255146  0.866027909
 0.269105718  0.761191102
 0.210804395  0.770019699
 0.220201345  0.836530177
 0.228821251  0.862604302
 0.182363934  0.697190277
 0.288846818  0.835722742
 0.269986229  0.792114632
 0.100344832  0.729924582
 0.134225173  0.753148502
 0.037670052  0.715224498
 0.228252774  0.843693952
 0.283521144  0.833122528
 0.197436718  0.749444796
 0.167414128  0.848457008
 0.153924334  0.780311496
 0.141198749  0.695390946
 0.160411057  0.117594186
 0.149137757  0.202590788
 0.086409727  0.217671769
 0.238693670  0.066696344
 0.181536174  0.230824448
 0.075261487  0.175805989
 0.187019465  0.142051607
 0.181693737  0.184436193
 0.112888713  0.077324197
 0.155478235  0.094973081
 0.213981460  0.087346330
 0.160581313  0.231838448
 0.218020123  0.188671632
 0.089599516  0.263382540
 0.159691098  0.302296757
 0.180996357  0.060106782
 0.025059042  0.220028920
 0.134342543  0.123593167
 0.251134869  0.114149030
 0.146359741  0.214966885
 0.264526533  0.198779072
 0.103428680  0.166932523
 0.276147900  0.060427930
 0.213763342  0.126780657
 0.065377706  0.112794866
 0.132564411  0.126417615
 0.080030487  0.223150620
 0.199119886  0.173190775
 0.197701664  0.190200550
 0.130990173  0.225496081
 0.172618392  0.140714914
 0.145517011  0.080026859
 0.064646299  0.191901833
 0.145181021  0.126716599
 0.048913526  0.134155686
 0.062437635  0.026995162
 0.185190165 -0.001042985
 0.059695021  0.175545373
 0.054766936  0.130454674
 0.057003019  0.270445118
 0.158429457  0.233397578
 0.048710338  0.132974441
 0.238066094  0.065937096
 0.172953149  0.109397444
 0.066807342  0.092577270
 0.144056075  0.180671457
 0.098187146  0.107506779
 0.135617699  0.057996641
 0.101980693  0.182385544
 0.213775998  0.149020655
 0.809412124  0.153906863
 0.840126119  0.107338218
 0.731464857  0.178946554
 0.745952175  0.264021023
 0.765763437  0.265229425
 0.805090269  0.231895746
 0.860147515  0.103220942
 0.747195613  0.072153848
 0.757169214  0.204701626
 0.765485806  0.191845964
 0.877951765  0.110526456
 0.838697939  0.167543592
 0.566663798  0.010060041
 0.826543830  0.083014391
 0.721254629  0.213026951
 0.742542691  0.240448975
 0.770258531  0.163179052
 0.761736726  0.180288380
 0.784814956  0.150823844
 0.779139028  0.225602134
 0.839888723  0.181162177
 0.843568944  0.204096677
 0.820268089  0.281231098
 0.870071258  0.178313315
 0.825716104  0.186117085
 0.775320955  0.198409806
 0.826676696  0.256696922
 0.828572809  0.121982950
 0.810073374  0.149612454
 0.821253672  0.115062734
 0.740378694  0.096433682
 0.748196483  0.007480798
 0.786932695  0.231998242
 0.706990831  0.167069143
 0.841892190  0.224871344
 0.770830302  0.065984861
 0.707874111  0.222895998
 0.789881273  0.205969719
 0.751934124  0.158801986
 0.810416216  0.027547444
 0.808364365  0.219051979
 0.819685762  0.130842923
 0.780302317  0.134308749
 0.718075335  0.170833387
 0.878163935  0.174263192
 0.781142166  0.053689351
 0.674414617  0.078365636
 0.825854473  0.077821923
 0.785837440  0.226642700
 0.695703578  0.168968663
 0.333528853  0.201938205
 0.338226028  0.178479996
 0.458742398  0.306710498
 0.437330466  0.319328361
 0.269185818  0.189493569
 0.319491931  0.387439531
 0.312050677  0.258034762
 0.330635903  0.300339026
 0.347800325  0.298437672
 0.317759777  0.203037203
 0.339459774  0.210284891
 0.286194025  0.290006191
 0.421813480  0.147697511
 0.294974459  0.244589331
 0.425081416  0.236431971
 0.213214781  0.198857691
 0.279322600  0.343342492
 0.282575967  0.286427511
 0.380118354  0.275153542
 0.363203590  0.167110767
 0.282983175  0.310181272
 0.330876877  0.276816036
 0.388441272  0.130086672
 0.280097532  0.234979427
 0.303798046  0.291557319
 0.246583829  0.338030610
 0.411618733  0.247485882
 0.247178313  0.266204712
 0.339239471  0.269244699
 0.322421463  0.302274503
 0.324089761  0.234658623
 0.217439406  0.301464907
 0.342807899  0.214558869
 0.317972463  0.219231133
 0.277656280  0.386637551
 0.283686543  0.230447000
 0.417822460  0.263910660
 0.307947642  0.151482904
 0.339090086  0.275411412
 0.180549177  0.267887544
 0.305526273  0.158802272
 0.344551791  0.257811665
 0.326449607  0.324502338
 0.395703732  0.355966054
 0.468519422  0.260550480
 0.325873374  0.174774315
 0.358325177  0.310382345
 0.411240324  0.173581315
 0.283014269  0.215909222
 0.426664133  0.237668996
