 0.3362459271  0.0327450230
 0.2403674094 -0.3245469695
 0.4341282422  0.0393846501
 0.1712024478  0.1669619943
 0.2363048005  0.0886235955
 0.0578089134 -0.2941394882
 0.1971052376  0.0327487696
 0.3120122404 -0.3399317382
 0.4180458339  0.0724683240
 0.0911901435  0.4368517972
 0.2119286019  0.4226462580
 0.3175001991  0.0162174963
 0.2822113094  0.1628871529
 0.0618708413 -0.3292986516
 0.1856048484  0.3594208258
 0.3186339084 -0.3006601711
 0.0310967854 -0.1980686358
 0.2660961200 -0.2857779502
 0.3351371079 -0.2826349209
 0.3620831455  0.0108160411
 0.1285358433 -0.2548331733
 0.2457020129 -0.1836431665
 0.1026142569 -0.3256639056
 0.2151288949  0.4685004360
 0.2422546796  0.0536573369
 0.1275714533  0.4960111505
 0.1176280880  0.1100863604
 0.1761049812 -0.2766263768
 0.2494394160  0.0271372161
 0.2231839040  0.1261664218
 0.2113216826 -0.2911585541
 0.2074504980 -0.3517092124
 0.3892425851  0.3824496764
 0.4030580098  0.3750340999
 0.2292234178 -0.1821567385
 0.4782982350  0.0792256870
 0.1869286046 -0.3197508898
 0.0553620292  0.3742575945
 0.1475166256 -0.2251718692
 0.0920058873  0.4439475191
 0.2837957114  0.4670345203
 0.3775435612 -0.2607699950
 0.4609342375 -0.3023034328
 0.4392800075 -0.1948635906
 0.5313222111  0.0391467945
 0.4639026941  0.5050386930
 0.3581882339  0.3937499024
 0.3702232998  0.0569690445
 0.4039343241 -0.2808254522
 0.0666602203 -0.3533775991
 0.0291929411  0.3731717111
 0.0857553784 -0.1800735847
 0.2185332737  0.3986060892
 0.2922153418  0.4301322596
 0.0732673444  0.4917803154
 0.1693727188 -0.2734776454
 0.3442718933 -0.2912980714
 0.3060063299  0.1688168158
 0.5135993631  0.4089635357
 0.0549692563  0.1058692344
 0.4837832749 -0.3051156293
 0.0384244245  0.4855742252
 0.1446995367 -0.2398020067
 0.0107006729  0.4286845290
 0.1103671430  0.0694689746
 0.0224759566  0.1699504763
 0.2556796050 -0.3450965089
 0.4053089091  0.1463866596
 0.1374526046  0.3805778835
 0.0763100975  0.0555229265
 0.5025710010  0.0860184950
 0.4910229893  0.5088916221
 0.5100718148  0.0720546550
 0.4353308899  0.0633148166
 0.1002991973  0.0831025921
 0.2896792662  0.4876786977
 0.4053803199  0.4604433878
 0.0741757884  0.0411764131
 0.5142695574  0.3579359664
 0.2733405141  0.1020437307
 0.4713150072  0.3906021768
 0.0898090675  0.4753832467
 0.3786509317 -0.1845135528
 0.0531422919 -0.2608612552
 0.3667613125 -0.1969500919
 0.4387035419  0.4193111133
 0.1351804996  0.4390263047
 0.2284109851 -0.2516128477
 0.0884517850 -0.3069405623
 0.0651410571  0.0438994954
 0.2946782433  0.0731553968
 0.4761975451 -0.2638424908
 0.1155631758  0.4833112809
 0.0786152312  0.1229096661
 0.3125809436 -0.2404263782
 0.1913400387 -0.2133550517
 0.4250853412  0.1312942700
 0.1511518965 -0.2588159835
 0.5263455983  0.0472097816
 0.4205216640 -0.3505611893
 0.0464594654 -0.3405162467
 0.5306137454 -0.1993673814
 0.3994610260 -0.2618674890
 0.2686954240  0.4423219826
 0.2396801148  0.0950648291
 0.3667881040  0.4816570159
 0.1945649955  0.3841576627
 0.3795103629  0.1538392998
 0.2553266908  0.1175357810
 0.3569984527  0.0556558035
 0.4330640461 -0.1985892221
 0.4338278683 -0.2376700874
 0.0282389762  0.3747471252
 0.1056716931  0.4804781114
 0.0698417325  0.0488367842
 0.5269319875 -0.2932690505
 0.4212579296  0.0592852307
 0.1536769270  0.1068749039
 0.1719250933 -0.2190611112
 0.0861244618 -0.3073519864
 0.0883327082 -0.3204381236
 0.3731400704  0.4165332376
 0.1813233336 -0.1879189111
 0.2799226020 -0.2979019272
 0.4704936635  0.4962093301
 0.2492755392  0.3934629860
 0.5180088984  0.4254267882
 0.3928709894  0.5279438336
 0.0346966676  0.3892627416
 0.4718706839  0.1700186262
 0.4031797193  0.1122159141
 0.0877519092  0.4373237756
 0.5191213026 -0.2624557356
 0.5193551326  0.4942327685
 0.1545224391  0.0252776104
 0.4269329366  0.0690975053
 0.2289417507  0.4072517054
 0.0149587924 -0.2110673028
 0.2759800706  0.4209702771
 0.4458908266 -0.2524539028
 0.2520029839  0.4138530702
 0.4756437096 -0.2517023945
 0.4768947734  0.1084328165
 0.3509612671  0.1104382413
 0.0244914583  0.1509552370
 0.1591085498  0.5303050401
 0.3693706497 -0.2115619052
 0.5113167680  0.1666031933
 0.4703899782  0.4419199761
 0.3382948787  0.3963481275
 0.2215270754  0.0729390025
 0.1156450147  0.1400588527
 0.1264458877 -0.2618992612
 0.3169143167  0.4480050068
 0.1797301338  0.3907024154
 0.0309721479  0.4520316597
 0.1666583128  0.4428998471
 0.2993905777  0.3624684184
 0.0243446804  0.1585964091
 0.3080827441  0.4958991457
 0.3012028994 -0.2337739910
 0.3691020932  0.1198800615
 0.0593890318  0.1036260502
 0.4328857150  0.1318743660
 0.3274552360  0.0943786334
 0.1720382961 -0.3495995937
 0.1393978227  0.4122366977
 0.2997618252  0.0197894035
 0.2115588580  0.5190645241
 0.2323998762  0.0857312462
 0.3675189300 -0.2907236225
 0.4349534449 -0.2114643160
 0.0732467120 -0.2909827104
 0.3213604343  0.4950297744
 0.1315054347  0.0978430418
 0.4821744912  0.1587823561
 0.3883384660  0.4672830538
 0.4196475815  0.5318823947
 0.2122317895  0.4439961871
 0.0500156964  0.1174274567
 0.1207101753  0.4065272706
 0.1509787188  0.5083354978
 0.1202286395  0.4932712987
 0.2029680147  0.0663060650
 0.1352521421 -0.2657011319
 0.4630268148 -0.2221061508
 0.4268831135  0.5328233370
 0.2185508677  0.0870357199
 0.4893269550  0.5192548205
 0.4443772471 -0.3415551112
 0.2553530940  0.5342782825
 0.2001070481  0.0388302675
 0.3603761897  0.3661070632
 0.3602748995  0.5159906087
 0.1512269621 -0.2135848379
 0.2210878063  0.0018644869
 0.2131872000  0.5314185518
 0.4063456140 -0.3417447502
 0.1149845941 -0.2030470218
 0.2907403705  0.0274677656
 0.2490030424  0.0136608529
 0.2575960258  0.4256526540
 0.2375484853 -0.2299566481
 0.2479632248 -0.2192248503
 0.3786275957  0.1753171140
 0.1835698277  0.1755703554
 0.4984101748 -0.2005811823
 0.0814640879  0.1501137872
 0.4244841072  0.0735216892
 0.3554271528  0.0894736757
 0.0376682067 -0.3454292119
 0.0506813652  0.0630403552
 0.1644641988 -0.2041170140
 0.1880437823  0.5051194772
 0.0033670404  0.4173201217
 0.2330610457 -0.1907127475
 0.3503989191  0.0658163561
 0.2752238275  0.4861812190
 0.1421316173  0.0437702962
 0.5325766474 -0.2108185213
 0.3274023116 -0.2246139122
 0.4211995206  0.0472071229
 0.2925537735 -0.3026142842
 0.0917529885  0.4499569083
 0.0681509184  0.1018777609
 0.3539321845  0.3775255839
 0.3079666845 -0.3420108109
 0.4654719708  0.4313986821
 0.1879952980  0.1558055192
 0.0385061996  0.5106012770
 0.4946838468  0.3818740944
 0.0254706967  0.4194530805
 0.4772325418  0.1005694314
 0.3871905055  0.4222019003
 0.3749161094 -0.3348386218
 0.5169625522  0.3970911871
 0.1301864343  0.1495862512
 0.1229601939 -0.2858504267
 0.1254839605 -0.3492203174
 0.2540017398  0.1190402867
 0.4025559355  0.0386346996
 0.4363814087  0.3989347754
 0.0538240376  0.4090359839
 0.3624322171 -0.2374973004
 0.5146250812  0.1103069917
 0.0550013399  0.1283584577
 0.3304372204  0.4662031919
 0.2350391717  0.0473262694
 0.1149816045 -0.1997396858
 0.3467182534  0.5292796374
 0.2111994559  0.3622640999
 0.0682439214 -0.3060576529
 0.1160915346 -0.2553049598
 0.0003338691  0.1329847532
 0.1540305615  0.3577196503
 0.0312499893  0.5048247593
 0.2051873664  0.1157806328
 0.5077543663  0.4111409914
 0.5079971289 -0.2752504018
 0.3598183423 -0.2876459861
 0.4584097085  0.1304138660
 0.0785994462 -0.2040698512
 0.4293342976  0.5304394215
 0.4737151953  0.1626644992
 0.3422768191  0.0548135863
 0.2440077698  0.0262017004
 0.0397499200  0.4112598524
 0.0002486753 -0.3529850755
 0.1237771954  0.0782751124
 0.0264725649 -0.2961388866
 0.0935453972  0.1606491873
 0.0827824023 -0.2654388792
 0.3766726988 -0.2689621548
 0.4116544757  0.4513347674
 0.3490074495  0.0572651182
 0.4445690722  0.4705187168
 0.5248404479  0.4044478840
 0.4808523844  0.0253466150
 0.3745249235  0.4992596741
 0.3910131237 -0.2080344437
 0.0440881764 -0.2664887998
 0.5093223753 -0.1889692797
 0.0529264039  0.3772600058
 0.2602625847 -0.2085433470
 0.1185200019  0.5285897550
 0.3539684502 -0.1871083891
 0.1245297764  0.0425904250
 0.0817005396  0.4709570119
 0.1752357013  0.1042910476
 0.1618676471 -0.1953649413
 0.4753558917  0.1154080459
 0.1429592674  0.3853036460
 0.0131531679  0.0928289258
 0.3346619135 -0.2353048536
 0.5208782203 -0.3477577454
 0.3638022149 -0.2954573174
 0.1466263263  0.0667470917
 0.1700309518  0.1745338337
 0.2161045946  0.4308769353
 0.0501875653 -0.2576954561
