 0.0137308260  0.5196472846
-0.0781086581 -0.0138361248
 0.5849920659  0.5252357690
-0.0770682173  0.4459688543
 0.5699617288  0.5282907035
-0.0109899042  0.4173750638
 0.2463184414  0.2250416551
 0.5361356823  0.4865572412
 0.4546484857  0.4838394093
 0.2171099068  0.1420065632
 0.0554344537  0.0621589934
 0.2978335871  0.2273858725
 0.4489933877  0.0515381177
-0.1112514895  0.4714372940
 0.6662801863  0.0601228522
 0.0640198838  0.5426944206
 0.0721899694  0.5871677037
 0.1021695024  0.0636691345
 0.2762857738  0.2585238818
 0.4892137100  0.1370655962
 0.5451154779  0.0614300412
 0.5774491145 -0.0884657324
-0.0115656853 -0.0089742601
 0.4437641163 -0.0199243027
-0.1291061587  0.0090503412
 0.5103488885  0.0287269026
-0.0542939816  0.4401711937
 0.3793847582 -0.0031005527
 0.5415695062  0.5318571086
 0.4752690043 -0.0071994881
 0.0004260687  0.0494302762
 0.0192445525  0.5918327934
 0.5442842247  0.0943547526
 0.5825218233  0.4922517711
 0.3139476831  0.2498946373
 0.3046613521  0.1653022609
 0.5321776994 -0.0114596449
 0.0023476362  0.0901484706
-0.0268494276  0.5805986858
 0.5672581076  0.0601503232
 0.4598519225  0.0421084110
 0.0379269316  0.4948292909
 0.0258404805 -0.0486265757
 0.0649267335 -0.0797614609
 0.3204132177  0.2394938875
-0.0192820321  0.0118805251
-0.0892337734  0.5088472560
 0.0624766665  0.0713682941
-0.0254846832  0.4814207908
 0.0127276849  0.5890295937
-0.0444808249  0.6783218772
 0.5237242241 -0.0316675102
 0.5916028010  0.0614989724
 0.4797428866  0.6063981316
 0.5211774794  0.6160229435
 0.0627970825  0.5011047284
 0.5062676963  0.0729134518
 0.2458131962  0.2918468574
-0.0214069570  0.5241907893
 0.5269786549 -0.0662941778
 0.4717724968  0.5876394573
 0.5343445500  0.0845074716
 0.2449995184  0.3065675871
-0.0071636497  0.3857479008
 0.5223544162  0.5341575334
 0.0199662279  0.5572150155
 0.0436316369  0.3905693311
 0.4052912578  0.5488888837
-0.0041035815 -0.0732205150
-0.0497708477  0.4844249407
 0.2259235930  0.2618128285
 0.4565487272  0.6345913413
 0.4310999846  0.0660567191
 0.5658766561  0.5325397895
-0.0268210415  0.0164647794
 0.4850354886  0.4876460532
 0.5751069393  0.0155165306
-0.0314687693  0.0959779276
 0.0188776547 -0.0371716953
-0.0470121555  0.0181427384
 0.3039035114  0.2027263316
 0.3090628602  0.2716088684
 0.4015035523  0.5324171148
 0.5111875833  0.4834619561
 0.0434996288  0.4721313449
 0.4767138049  0.0771560186
-0.0493113403 -0.0375718864
-0.0782968286  0.5075917411
 0.2753800522  0.2694694654
 0.2492296059  0.2031271809
 0.0482229942 -0.0124429141
-0.0834678155  0.0850016290
 0.0219563414 -0.0208358249
 0.2953008019  0.2415812388
 0.5804835795  0.4893488692
 0.5104143043  0.4765620215
 0.1995995302  0.3224012427
-0.0837234481 -0.0785763662
-0.0432215479  0.0175501652
 0.5208376715  0.4157918818
 0.2759239857  0.2962677940
-0.0011435019  0.5291262515
 0.3909926468  0.2818407473
 0.5370875230  0.0315289720
 0.2097254962  0.2557982913
 0.2621427851  0.2804217729
 0.5202564725  0.0115865273
-0.0794459806  0.0027288423
 0.3823705638  0.2580079533
 0.1135294442  0.5546301781
 0.0885368831  0.0245603571
 0.5341875327  0.5779059397
 0.4933416730  0.4842277067
 0.0811194769  0.5072771420
 0.4813222275  0.5993304548
 0.4505283826  0.4818484484
 0.0071098662  0.0190057645
 0.1493143401 -0.0704656911
 0.2877846152  0.2181060552
 0.5237483365 -0.0442427824
 0.0586983850 -0.0304130590
 0.5333390562  0.5328921783
 0.0193507389  0.4294064185
 0.4794375588 -0.0429875169
 0.2666576095  0.2933510010
 0.4553836718  0.5709598666
 0.4377164047  0.0371845263
 0.3301065378  0.2478508546
 0.3520399210  0.2294875821
 0.1068569155  0.0216698551
 0.5687426769 -0.1115875714
 0.3044479076  0.2726367348
-0.0538233992  0.5645864073
 0.4757182917  0.4210393995
 0.2660026680  0.3460800023
-0.0649562164  0.5923043154
 0.5487617142  0.4457126133
 0.0245167620  0.5580476529
 0.2858172770  0.2790263540
-0.1142174640  0.5852746181
 0.3344065596  0.2552021805
 0.4254535565 -0.0330440566
 0.5583886386  0.5041813288
 0.1042015840 -0.0032553257
 0.5667492644 -0.0884680919
 0.4533079601 -0.0797015054
 0.5651677944  0.5227543081
 0.5110190275  0.4560974089
 0.3184788614  0.3414223464
-0.0527369727 -0.0196476155
