0.1865815583 0.7209652957
0.4217600198 0.8436779245
0.4825791259 0.0226789334
0.1336045122 0.5123930160
0.2919801255 0.8342407112
0.3714646490 0.3698040522
0.4211039863 0.3814571820
0.4503002483 0.1189055435
0.3749185663 0.5019213780
0.5113085554 0.2978020140
0.4943678489 0.1459917337
0.1967080321 0.7837143291
0.1309942772 0.7886859759
0.0245419788 0.1945647393
0.3861034852 0.1818176583
0.4503407037 0.4977896790
0.0896475031 0.2513600811
0.5150476933 0.0829278557
0.4645956736 0.8751317544
0.0077085579 0.2837205840
0.3699062105 0.3857810750
0.1023146101 0.4488893362
0.4400685462 0.7884685026
0.1247619445 0.7780246158
0.2556943952 0.7417498624
0.0099053853 0.8496257424
0.1519318183 0.0973805602
0.4030994176 0.0415374542
0.4467342380 0.2916905053
0.0746728767 0.3764882292
0.2021763608 0.7187280886
0.4185940687 0.3868908184
0.1589704463 0.7273954473
0.3633287977 0.2190965972
0.4664644413 0.2851815303
0.0961286550 0.2897756921
0.1244088525 0.1518459334
0.0890940798 0.3826699299
0.3443221854 0.8309660641
0.3567201090 0.7033300281
0.3227215972 0.7707276369
0.0138232600 0.7422032832
0.1327806180 0.1430094788
0.3633893461 0.3286893514
0.5223087420 0.7036822372
0.1371006444 0.4146895058
0.1010316171 0.2666719114
0.4641390352 0.8484056784
0.5117729989 0.0006079409
0.0834820793 0.8324136314
0.2021574317 0.7086678832
0.0637740924 0.3079972222
0.4056232778 0.4660072315
0.0686404921 0.3285039165
0.1125802021 0.5220140843
0.0616482427 0.2208412125
0.4718044868 0.3270596081
0.0838713127 0.2955827646
0.0991416239 0.3885687752
0.4438843340 0.8164357021
0.3723706238 0.4290796316
0.0495914523 0.3367068755
0.3552306211 0.1948734585
0.1677147258 0.4691217936
0.3970264839 0.1041043613
0.0041532703 0.2354981784
0.0240625785 0.1413858997
0.0523993911 0.8674998175
0.0073496403 0.4169664629
0.4181908743 0.2993097098
0.1131213365 0.8322423940
0.1337311437 0.4069484856
0.4619697641 0.2062884717
0.1247792711 0.0904357580
0.0398709739 0.8440003131
0.4009665313 0.4930177532
0.0064457174 0.8635357123
0.5024835105 0.8334892997
0.1131611841 0.3467265465
0.0838528269 0.8624674418
0.5178750756 0.2315594909
0.0673146516 0.2463870780
0.2305247194 0.7691486561
0.2821159157 0.7890914569
0.0967291941 0.7128070289
0.4771203138 0.1313297730
0.3707533857 0.7333844780
0.1099497429 0.2175227099
0.0392347851 0.0415556028
0.0472347059 0.4210365321
0.4573587335 0.7748271321
0.3743235524 0.1451180414
0.2451097535 0.7365086211
0.4766473642 0.0587459323
0.0204830934 0.0714628154
0.1682207243 0.4069452861
0.0990013841 0.7097808105
0.0922177475 0.0784998386
0.3750096252 0.3824347303
0.1784245616 0.8240705023
0.2290584185 0.8760142676
0.1223692194 0.4266966166
0.0982325784 0.3728455007
0.3870118450 0.3234549932
0.5004495045 0.1286398889
0.1438517340 0.0345192357
0.5211490332 0.5116775827
0.5204685729 0.4412498404
0.4246098833 0.2010195347
0.0759492619 0.2525380841
0.4434743538 0.5200435186
0.4438736745 0.4939087009
0.0335422849 0.4243917342
0.4908638584 0.2958739747
0.5025217363 0.3976942931
0.1437413050 0.4618345724
0.4347322310 0.1344795750
0.3374036519 0.7776473171
0.0734702337 0.1869524025
0.0859497765 0.3784902890
0.0951324085 0.3123635900
0.1171755046 0.4458959274
0.0006831360 0.2430558939
0.0717978151 0.8675321323
0.1612746480 0.1681261482
0.4082042331 0.1003140363
0.4782517800 0.4667488159
0.1351113869 0.2354140437
0.5026031895 0.2559985942
0.4820817012 0.2986140051
0.4768996101 0.3879921224
0.4285042073 0.8283970963
0.0080697191 0.4465139181
0.1571930098 0.8527547245
0.4608316079 0.0221585954
0.3633608070 0.0344837827
0.1376200769 0.2920134717
0.3510895767 0.1062944569
0.2882611766 0.8368020459
0.3713033544 0.4517139149
0.0931706632 0.3373980968
0.1235530698 0.8469604614
0.3844590991 0.2745892732
0.3886418014 0.4590412224
0.0782546063 0.7850548786
0.4217722316 0.1468983827
0.5011776553 0.8765539730
0.4501968685 0.3096491754
0.1283708731 0.8482384472
0.3832647661 0.7441117845
0.4311725114 0.0167037937
0.0691026574 0.8264197505
0.3761197985 0.8144865765
0.1776520523 0.8030925479
0.3671360010 0.1635954859
0.1127744193 0.3308049706
0.3874734049 0.3037976220
0.5139023330 0.2596334571
0.4203031168 0.3277550093
0.4239994451 0.8513335898
0.0319997505 0.8033757726
0.0941821877 0.7824798225
0.1530874347 0.2943113126
0.0268697926 0.0154305449
0.4556127649 0.0340579584
0.0652494816 0.2920852089
0.3608293495 0.0212395731
0.0273290230 0.4348378471
0.1687729283 0.1454025300
0.4011510919 0.3701621611
0.3875654836 0.4485475269
0.4158730717 0.4554834964
0.4721417847 0.1820567539
0.2401205563 0.8087446519
0.0610166045 0.3058311011
0.0566003575 0.8293311949
0.1591879604 0.0408801743
0.0012270214 0.0157478230
0.3887332599 0.4214935723
0.1679058289 0.3270169617
0.4226294294 0.0136811775
0.3419880550 0.7788891915
0.5150718612 0.4219340339
0.1524833794 0.2245343255
0.4453767318 0.0024395860
0.4433620810 0.0756247604
0.4556964698 0.2686303274
0.0280135294 0.8145780283
0.4450841260 0.8089331361
0.4548473595 0.2708628913
0.2438316686 0.8348471348
0.0125239667 0.2317126966
0.3247123304 0.8416614774
0.0701606562 0.0680706983
0.0152919410 0.4240722748
0.4888957747 0.2889115370
0.2296421166 0.7346077434
0.3600921660 0.7164183002
0.0533087552 0.5220984336
0.5051596145 0.4053205302
0.5130248887 0.7824337712
0.3933226082 0.8523839353
0.0283696021 0.0399014684
0.4964906789 0.0412859045
0.2570337080 0.7829160133
0.3487090003 0.8750979203
0.0091518521 0.1793254986
0.4401441037 0.5162744843
0.1924991333 0.8629626962
0.4603518263 0.3001851292
0.4294491422 0.1067955049
0.2696054444 0.8537958934
0.1878317121 0.8648155888
0.3848738897 0.1595437195
0.0357836182 0.2857309759
0.0802783880 0.2063593580
0.0710806551 0.2058143546
0.0682322546 0.2403144195
0.0386146853 0.7972671491
0.4811404397 0.3777036960
0.0998390581 0.3751044904
0.3929969556 0.0770162160
0.0732088616 0.2741758592
0.2812738789 0.7918360990
0.4175288383 0.0582151009
0.0718747893 0.1516229674
0.0550252293 0.0100941455
0.0599294674 0.0068946917
0.3768510904 0.0462310257
0.0130533613 0.7217343601
0.3142492024 0.7486909898
0.1554913856 0.1216233893
0.1494429430 0.0842544022
0.1092748518 0.1611143493
0.0107410202 0.1280426676
0.1341811148 0.7560966935
0.0560264646 0.1468668267
0.3220984942 0.8465174512
0.4192481324 0.2671336947
0.4739066027 0.1710511491
0.1583842394 0.1553752609
0.4496789700 0.2792628832
0.4643647276 0.2386416039
0.1619498614 0.1439207588
0.0788272223 0.0910176031
0.4819502894 0.7741975539
0.0162924505 0.1275281701
0.4331600208 0.8284748606
0.0728060456 0.4562895043
0.4910778865 0.4516040203
0.4402357003 0.8434811605
0.1711002871 0.4382984336
0.3934889245 0.4279752877
0.0130960530 0.8062964220
0.3058236424 0.8412164821
0.4097765598 0.8046699968
0.0896110955 0.7682131084
0.0178316053 0.7602722648
0.1228145506 0.7058629868
0.4479754217 0.2768101405
0.0972509710 0.2395792025
0.1245908304 0.7295317984
0.0241703608 0.0607943451
0.2425747075 0.7564789509
0.5110195159 0.4348244661
0.0025466701 0.8303225078
0.1034380070 0.7419550299
0.4849850249 0.4460897639
0.1531045299 0.7123720133
0.3621929807 0.0434256697
0.1417323303 0.2425918261
0.2854407045 0.7121322587
0.2133077274 0.8298320059
0.1036525155 0.2943740150
0.1003133899 0.0606654544
0.3079980258 0.7254399155
0.1984584113 0.8355563911
0.1501849932 0.2076363024
0.1071878116 0.8279663241
0.5173430397 0.4130795980
0.3606510950 0.7822214502
0.0190798512 0.1051500868
0.2571042437 0.7221456142
0.4217264042 0.1692317486
0.3887094490 0.2572535494
0.2581396893 0.8738468956
0.0484584757 0.8021443988
0.1454558695 0.3982205489
0.1581772636 0.3993972575
0.4955336119 0.5253947527
0.0278224379 0.2882353810
0.2501352845 0.8412444215
0.3413008027 0.8694403091
0.1045588190 0.0685292747
0.3961780662 0.1636694455
0.1684995951 0.7539702883
0.4165506582 0.1308257050
0.4697063357 0.3191820154
0.1200092929 0.1675585997
0.1662312928 0.1427563759
