 9.487310e-03  3.776457e-02
 1.609842e-01  2.982439e-03
-4.070244e-02 -1.872083e-02
 3.170637e-02 -2.969432e-03
-7.800917e-03  2.262322e-03
 3.957498e-02  3.348874e-01
 4.108711e-01 -1.233007e-02
 3.102550e-01  3.116551e-03
-3.612794e-02 -8.453917e-03
 2.780912e-02 -3.622721e-02
-4.670315e-02  3.464551e-02
 1.824467e-01 -9.577173e-04
 4.529430e-01  2.653399e-02
 6.048129e-03 -2.941865e-02
-1.520936e-01  4.007665e-02
-1.067949e-02  3.260854e-03
-2.783167e-01 -3.611747e-01
 5.588249e-03 -4.291753e-02
-4.401058e-02  9.392442e-03
 4.006714e-01 -3.592154e-02
 9.071753e-03 -8.103813e-03
 3.342169e-02  1.535416e-01
-1.385541e-02  3.448468e-01
-2.417259e-02  1.934392e-03
-1.729280e-02 -3.914051e-01
-4.694872e-02 -1.697472e-02
-2.376949e-01 -2.645157e-01
-3.015928e-02  4.680373e-01
-3.669202e-01  2.799335e-02
 1.121068e-02  9.537243e-02
-2.221199e-02 -4.566220e-01
 6.930521e-03  1.458754e-01
 3.908391e-02  2.158026e-02
-1.795421e-02 -1.585133e-01
-1.521173e-01  3.653069e-02
-2.470050e-01  4.771817e-02
 8.432741e-03  2.397889e-01
-3.882610e-02 -6.778883e-03
-4.364310e-02 -2.134343e-01
-4.450615e-01 -1.191902e-02
-3.866660e-02  1.828737e-01
-4.058117e-02 -1.162369e-01
 1.812387e-02 -4.569934e-02
 2.373596e-02 -1.258802e-02
 1.707868e-02  7.723547e-02
-2.740892e-01  2.799710e-01
 3.224432e-01 -1.057774e-01
-2.011912e-02 -4.292717e-02
 4.671066e-01 -3.691490e-02
 2.505754e-01  6.282056e-03
-4.446584e-01  2.089469e-02
 4.621184e-02  2.944491e-01
 2.833143e-01  2.210134e-02
-1.971975e-01 -3.066989e-02
 2.351395e-01 -1.925985e-02
 4.528766e-01 -1.372775e-02
-2.093281e-02  4.241086e-01
 1.554716e-02  3.680018e-02
-4.649184e-02 -3.746250e-01
-4.490805e-01  2.454005e-02
 3.521111e-01  2.593440e-02
-4.685319e-01 -8.920534e-03
-4.580537e-02 -3.356218e-01
-2.282198e-01  2.833578e-01
 1.141996e-01 -4.283521e-01
 3.546592e-02 -1.712730e-03
 2.138581e-03  3.539320e-01
-4.317595e-01 -6.020774e-03
 1.166642e-01  1.619967e-02
 3.832062e-05  3.884570e-03
-2.643454e-02 -2.916837e-01
-3.801890e-02  3.102292e-02
-2.221667e-02  1.397143e-02
-1.980352e-02 -3.811500e-02
-2.828301e-01 -8.500675e-03
 1.827384e-02  4.599832e-01
-1.136204e-02 -8.247808e-02
 4.746174e-01  4.171269e-02
-2.749090e-02 -3.798684e-02
 2.040213e-01  5.740883e-03
 1.251564e-02 -2.645347e-01
 2.599228e-01  1.729830e-02
-1.019117e-01  3.814091e-02
 1.922987e-02 -3.339263e-02
 1.196901e-03 -4.410968e-02
-2.578146e-02 -2.267707e-01
-3.545839e-02 -5.027867e-03
 1.477831e-01  9.178460e-03
-8.505106e-03 -4.157856e-02
 4.323045e-02  1.108922e-01
 4.311287e-01  3.558656e-02
-2.297972e-02 -4.234573e-01
 3.532559e-01  4.141421e-01
-1.842484e-02 -9.474834e-02
 2.005475e-03 -4.331037e-02
-2.349854e-01 -2.859031e-02
 5.418668e-03  1.705319e-02
 4.645265e-01  2.308431e-02
-1.119968e-02  4.600792e-01
 9.483042e-03  2.143425e-01
-1.815362e-03  1.518824e-02
-7.938586e-03 -6.782281e-03
-4.753005e-01  4.247271e-02
 4.524299e-02 -4.108996e-02
-2.325436e-02  3.306436e-01
