 0.0261089394 -0.0677717119
-0.1311317490  0.0139847060
 0.1453342499  0.1383848598
 0.0244601818  0.0108468211
 0.0483190320 -0.5022476242
-0.3707400639  0.1267353313
 0.2024216954  0.2899024813
 0.0534923274 -0.4247620510
 0.1643499377  0.0023245929
-0.0384807864 -0.4321408712
 0.1871876176  0.1484459899
-0.2365161635 -0.4195583473
 0.2547353902  0.0264581925
 0.0538314647  0.0515569851
 0.4691040024  0.1003651610
 0.1239226708 -0.2393011030
 0.2921016475  0.0597646755
 0.2329995272  0.0806096043
-0.0450020537  0.0755261300
-0.5065008425  0.0437755369
 0.0199254894 -0.1245579691
 0.2194864192  0.0893956042
 0.1472051091 -0.3067031380
 0.0593692657  0.0212889288
 0.4606040431  0.0019336574
-0.0681338712  0.0723534298
 0.0075982900 -0.1450551364
 0.2016572039  0.1350955693
 0.1885657261  0.2527670310
-0.1854107023  0.3166712371
 0.3738823709  0.1750378589
-0.2014531681  0.0351828531
 0.1264926052  0.0752145592
 0.0112149690 -0.0345383104
 0.0035714877  0.0044855228
-0.2243141065  0.1458718053
-0.2784073746  0.3741176554
 0.1712843581  0.0157976072
 0.1227392339 -0.2696186942
 0.2015830821  0.1516941404
-0.1636576597 -0.3305757245
 0.2188862670  0.0617776663
 0.0722561583  0.0303224200
 0.0487355045  0.0685326415
-0.0887152039  0.0814105736
-0.4744282493  0.0373729872
 0.0084202037  0.0103965703
-0.3089922978  0.3180149375
 0.1163081900  0.1050429017
-0.2800881149  0.1227314535
 0.3169412879  0.1068458496
 0.0084674830 -0.0171343046
 0.0208865459 -0.0554447346
 0.1099205965  0.1445137461
-0.0676198056 -0.1560820349
-0.2123967110  0.0485774851
-0.4775207644  0.1799452063
 0.2293501190  0.3223639112
 0.1369241840  0.0874267707
-0.0166814127 -0.2996001570
-0.0518506669 -0.1001348982
 0.0101170981  0.0139112646
 0.0736514461  0.0204935868
 0.0857942670 -0.4408703828
 0.2089360999  0.1990824105
-0.0068460202 -0.1986507107
-0.3189344946  0.2912946294
-0.4402631167  0.1287291809
-0.1460553941  0.1718423111
-0.3297416894  0.3640548920
 0.0228080890 -0.2742714059
 0.0550951614 -0.4052769073
 0.4413344048  0.2405957364
 0.2086794632  0.3248119756
-0.0760110994 -0.1606723694
-0.0059914773 -0.0140670929
-0.0951726753 -0.3345719522
-0.3823349567  0.0373875599
 0.0305559185 -0.0529795273
-0.3368751169  0.0596269547
 0.1111855644  0.1784291806
-0.0074308183  0.0017967095
-0.2691384681  0.0660693945
 0.0642149815 -0.3593538708
 0.1863862570  0.0571329280
 0.0177434500  0.0294734764
-0.0146780425  0.0150514813
 0.4201622087  0.1355809731
 0.3586956246  0.1264635771
-0.1541722683  0.1723715359
 0.2134185460  0.0165402993
 0.1460494331 -0.3241029979
-0.2289224399  0.2084689392
-0.4002510044  0.2430227396
-0.2429166558  0.1825886316
 0.2338215113  0.3924036325
-0.0451023750  0.0519599758
 0.3857122994  0.1767821533
 0.1725079972 -0.3325176368
 0.1474437746 -0.3108245746
-0.0777757054  0.0198626740
 0.0443975471 -0.2890291965
 0.1750940600  0.1895120986
-0.0660115400  0.0108253965
 0.1660244306  0.1057767752
 0.0457374283  0.0539333599
-0.4163374405  0.2642156079
 0.0067868402 -0.0646266693
-0.1572069356  0.0212203217
-0.0759166093 -0.3276989871
-0.0609817599  0.0710750428
 0.0239807702  0.0368411176
 0.0738386263 -0.4778719882
 0.0916243839  0.0045918232
 0.0846386941  0.1133100618
-0.1463138783 -0.4768924952
-0.0349276323  0.0234100105
 0.0570593125 -0.3779646810
 0.0891222710 -0.4927492791
-0.1191528072  0.0351539622
 0.1994309262  0.2112397030
 0.0684074313  0.0694364847
 0.1650349051  0.0606712840
 0.1851275629  0.0098605900
 0.2137177430  0.3053251692
-0.4117431784  0.0852312383
-0.0528467862 -0.1249844640
 0.2235252848 -0.4071022068
 0.3341817848  0.2257211314
 0.1876180842  0.2091252857
-0.4072211531  0.2026860729
 0.0137980610 -0.4890820581
-0.1569863076 -0.2931693679
-0.1796127293  0.2776053236
 0.1613835241 -0.4901493849
-0.1908005495  0.1930045246
 0.3839147703  0.0680108980
 0.2436362989  0.1010236815
 0.3059299648  0.2478269710
 0.0358799357  0.0179868496
 0.0805060623  0.0614781582
-0.0402156957  0.0291891867
 0.0749105396 -0.1354791740
-0.2868950388  0.3330551989
-0.2790237772  0.0030633701
 0.0592626707 -0.1553582332
 0.0188343823 -0.0936874198
-0.0079198238 -0.4051048216
-0.0114504419  0.0006238093
 0.3294600427  0.2763700933
 0.3571864516  0.1830505210
-0.1044231682  0.0120665865
-0.0394148554  0.0234626791
 0.2638720309  0.2494766376
 0.0983781704  0.0510866361
 0.2786607016  0.2145187913
-0.0659312219  0.1119988586
 0.1365596609  0.0687717199
-0.0429886092 -0.2911742019
-0.0568920368  0.0645001557
 0.3212376021  0.1383326210
 0.0811423669  0.0130381261
 0.0243360872 -0.4503949233
-0.2803964158  0.2246850116
-0.3190901609  0.1888365756
 0.1216597907  0.1691098120
-0.2874599365  0.1249528309
 0.0647501049 -0.3222927970
 0.4326477905  0.1935958123
 0.0284767283  0.0033108815
 0.0505579279  0.0270451455
 0.0366196121 -0.1026013535
 0.0003466111 -0.1605435286
-0.2211962246 -0.3864977816
 0.1258716251  0.0453341426
-0.1903777595  0.0319185393
-0.2786448527  0.3071888658
 0.0015259638 -0.0247991761
-0.0990381935 -0.2068626107
 0.3490253849  0.1462419090
-0.1448668369  0.1601765988
 0.1995912800  0.0526297517
 0.2162260617  0.2700306343
 0.1069012621  0.0052330185
 0.1860622917  0.0801497574
-0.2526999710  0.0275240789
 0.4486364091  0.2350428101
-0.0471239426 -0.1292887748
 0.0031248621 -0.0090308307
-0.2780910815  0.3575485554
-0.1578196358  0.1529757979
 0.1594234500  0.2077114986
 0.3578455620  0.2134091998
-0.4619587474  0.0972081050
-0.2009366647  0.3184132621
-0.0084445095 -0.1737174361
 0.1652684547  0.1751531144
-0.2879929178  0.1083743439
 0.1275614215  0.0565154569
-0.2337559637  0.0721530385
 0.1828231274  0.0557132874
-0.1994379220  0.1208022635
 0.4664865044  0.0586923985
 0.1385665000 -0.4131438789
-0.0379654540  0.0349504638
-0.0322010669 -0.2579259054
 0.0588915720 -0.4221175171
 0.4727810681  0.1970753197
-0.0011518269 -0.0036448047
-0.2478751821  0.2010760453
 0.2775804044  0.2710690904
 0.2735568885  0.1278897680
-0.2461421642  0.1393755700
-0.3121203490  0.3743072794
-0.0044747421 -0.0224940818
 0.2350388059  0.3323881032
 0.0192447449 -0.1130478468
 0.3195346256  0.3805636653
 0.1105681036  0.0999924582
 0.0357343000 -0.2458776726
-0.1309179123  0.1339486738
 0.0176187315 -0.0339221307
-0.1711812068  0.0806123331
-0.2209820933  0.3554717042
-0.4877351895  0.0845555919
-0.0915756177  0.0721531297
 0.0781265142 -0.2539143775
 0.0854663863  0.1244700278
-0.0142720601 -0.0291886141
-0.3629034689  0.1927510915
-0.1764511362  0.0337842069
 0.1125833670 -0.3392059550
 0.2409795272  0.2063641396
 0.0343603642 -0.2093462259
-0.2965699805  0.3843332013
 0.0387764319  0.0368809491
 0.0995754422  0.0271362076
 0.0543842814 -0.2678413742
-0.0490533096 -0.3964251416
-0.2994847042  0.3191657772
-0.0801544988 -0.3010435302
-0.2768000334  0.1944765977
 0.3172019561  0.2396222244
-0.1544214126  0.0990882312
 0.0014878519  0.0011996346
-0.3699522558  0.3570119273
 0.2025965972  0.1192402320
-0.4675365808  0.0985454719
 0.0429408426 -0.2815181843
-0.0011802473 -0.0898203821
-0.1431251846  0.0883327287
-0.0873450019  0.0936396785
 0.1052796207 -0.1951118567
-0.0153071792 -0.2862765961
 0.3118572908  0.0977616166
 0.0030591397 -0.0304263912
-0.0414820911  0.0237118696
-0.1537783303 -0.2862148053
-0.2596033603  0.1889536296
-0.1467947427  0.2028237199
 0.0515951700 -0.1066742893
 0.1152596036  0.0852195610
-0.0578990740 -0.4434657509
-0.3301757433  0.1465148410
-0.0627093733  0.1050214853
 0.4173593826  0.0649526845
 0.2332514379  0.2234326478
-0.1816258129 -0.4253659635
-0.2226579489  0.0206635319
 0.0401511141  0.0382088372
