-0.036566978 -0.214331366
-0.208096143  0.155588573
-0.036173689 -0.180310567
 0.309377338 -0.295226216
 0.255384968  0.223371011
 0.001759382  0.490709797
 0.283061557  0.044288563
-0.383355355 -0.158221240
 0.426220494  0.488124565
-0.361325837 -0.335048264
-0.001489604  0.040016952
-0.121064753 -0.288067424
 0.163588436  0.280478853
-0.033930925 -0.275935620
-0.191862552 -0.032225901
 0.220058353 -0.106065593
-0.200171270  0.385627978
-0.326286260  0.301675886
-0.328426862  0.053763889
 0.231833609  0.236355520
 0.076237415  0.052822116
 0.003075428 -0.168580618
 0.006718875 -0.209091273
-0.016393906 -0.150056416
 0.011039655  0.467552103
 0.174695589 -0.087936506
 0.138198841 -0.160939053
 0.100108448 -0.061974084
-0.234017397 -0.312934028
-0.110309828  0.040817133
-0.393682101  0.623323241
-0.124428627  0.801150997
 0.088153196  0.847281451
-0.123100543  0.894155685
-0.030269097  1.168678616
 0.052345232  1.157673821
 0.410208168  1.093431913
 0.308896843  0.988960186
-0.421839006  1.073393679
-0.230641502  0.805479017
 0.088725558  0.918431685
 0.313562631  0.650693873
 0.222262268  1.078313106
-0.095489420  1.181321368
 0.208254867  0.476221003
-0.117732788  1.027038997
-0.331713787  0.793453179
 0.159837342  0.965670596
-0.247002172  1.293953979
 0.258406432  0.663770485
-0.335364598  0.675887331
-0.025538899  1.197445959
 0.179222862  0.825103185
 0.136526497  1.105552154
-0.064454628  1.006206707
-0.023804281  1.219431243
 0.031369373  1.347944587
-0.156167007  1.359412151
 0.075029228  1.139854554
 0.127326163  0.830618805
-0.106058616  1.859046442
 0.384293753  1.917163455
-0.071001888  1.836560816
 0.128682941  1.938951748
-0.528324515  2.123670565
 0.111104793  1.710732041
 0.204388216  1.997015285
 0.293263694  2.304330347
 0.065986214  2.308040418
 0.349092909  1.885618060
 0.021736225  2.344071990
 0.174187623  1.589116622
 0.176078156  1.953479509
 0.037027358  2.114892314
 0.048774014  1.909213185
-0.112628480  1.935358587
 0.301405836  1.582570014
-0.062522359  2.246342635
-0.073664709  1.919782833
-0.131627777  2.245224082
 0.041575462  1.645063925
-0.332144060  2.042980849
 0.054818183  2.036131492
 0.138617487  2.234002023
 0.174150002  2.029793021
 0.032365120  1.776211234
-0.224640544  2.099925136
-0.114876937  1.812025579
 0.075652194  2.088392538
-0.233370107  1.886278888
 0.133192789  2.562029745
 0.010999055  2.918294513
-0.161940218  2.583565528
-0.197007721  2.517380870
-0.044350078  3.147233053
-0.451593124  3.085214846
-0.153673664  3.084902219
 0.043714053  2.672954099
 0.397453957  2.787429720
 0.041071145  3.224620768
 0.192562073  2.917208695
-0.166310522  3.022034019
-0.067429765  3.045306067
-0.158618693  2.883799587
 0.379797575  2.882079122
 0.073951911  2.786397716
 0.244769277  3.000012413
-0.259817190  2.984701413
-0.045477583  2.847247028
 0.033841826  2.742517286
-0.143938293  3.036156184
 0.006808236  2.640798463
 0.353744874  2.819001173
 0.083990954  2.768346012
 0.118636773  2.823280344
-0.111619420  3.069927658
 0.434622540  2.884625296
 0.023767325  2.833802140
-0.056264435  2.960075075
-0.100414453  3.171984017
 0.016515961  4.178155286
 0.041448536  4.169297807
 0.004036234  4.142445434
-0.206271618  4.605830646
 0.055610552  3.902080935
 0.120028476  3.578443648
-0.173468957  4.280185003
-0.168588956  4.263291078
 0.153293842  4.201633379
 0.001239485  3.991819380
-0.334239549  3.905209872
 0.062810223  3.863327354
 0.032130526  4.040446044
-0.067216954  3.932859133
 0.331659469  4.057210987
-0.033350023  3.905630227
-0.064437970  4.079377523
-0.110144595  4.130043660
 0.223982969  3.577099319
-0.052779687  4.202147473
 0.209517156  4.325194829
-0.470389884  3.867409737
-0.289656296  3.786663210
 0.540038511  4.033552848
 0.124409081  4.149188197
 0.006579150  4.070500489
-0.013757271  4.015633153
 0.322800975  3.900501045
-0.165560501  4.289155682
-0.608488145  4.196769009
 0.934389063 -0.035697904
 0.806971507  0.127607941
 0.784360515  0.037992785
 0.995315150 -0.310738618
 0.815091520 -0.468933306
 0.784432126 -0.170168563
 0.749539545  0.076340962
 0.461874281  0.180106605
 0.625567294 -0.439164591
 1.020925959 -0.133727489
 1.036059516 -0.056251935
 0.867998205  0.653140735
 0.773704502 -0.117020926
 1.195535598 -0.206327846
 1.045133515  0.043273568
 1.168146647  0.278210180
 1.023295196 -0.099633282
 1.113881935 -0.318001514
 0.945469099 -0.182052381
 0.662388309  0.088919585
 1.194551495  0.228521376
 0.613331848  0.147615371
 0.817981119  0.453741359
 1.120203104 -0.197789852
 1.466260302  0.223244906
 1.011794825 -0.123510252
 0.841302448 -0.022073634
 0.947459851 -0.154329462
 1.052901432 -0.261031976
 1.261833660  0.172061492
 1.052664370  1.332005802
 0.941856707  1.068901631
 0.819536958  1.024166892
 0.763413554  0.950558690
 1.087280403  1.143508218
 0.700046279  0.686953905
 1.234171454  1.143880191
 1.024348768  0.903472199
 1.386382417  0.849772763
 0.867651440  0.711434554
 1.311821025  1.068060800
 0.863673649  1.041079772
 1.228932437  0.843860565
 1.298572049  0.941099003
 1.034923606  1.088004862
 0.968273788  0.813333416
 1.301700763  0.929195050
 1.050234472  0.940727228
 1.253082867  0.948564245
 0.721265484  1.000420083
 0.982571561  1.274285776
 0.922406396  1.041874309
 1.289714837  1.211679599
 1.251360288  1.239318094
 1.076427638  0.926160508
 1.203500325  1.019884908
 0.838822522  0.653176007
 1.212345404  0.633975361
 0.779032626  0.766670396
 1.599763025  0.933821029
 0.927451684  1.651016877
 0.444746767  1.900465054
 0.870282303  1.931675264
 1.360007480  2.004762772
 1.106031656  1.475606038
 0.950555576  2.289467077
 1.416224108  1.511299277
 1.076852535  2.039065207
 1.071578588  2.335762137
 0.645542361  2.000571158
 0.881127820  2.116836981
 1.265387552  1.728843091
 1.377732872  2.444791737
 0.755147480  1.691133713
 0.902809001  1.826730003
 0.994037647  1.805792478
 0.841303207  2.120856258
 1.557845335  1.815346305
 1.330239369  1.885625867
 0.623346566  2.226392763
 1.043681779  2.060779277
 1.206236334  1.869092555
 0.849762455  2.447917008
 1.416537341  2.280317153
 1.120460479  1.950263256
 0.866047184  2.206073982
 0.995871165  1.636233836
 0.926634139  1.985950034
 1.269992910  2.214356873
 0.818957014  2.161654382
 0.655699134  2.887818879
 1.112742874  2.642532137
 1.013037528  2.986255309
 1.397033232  2.734789658
 0.641453343  2.997448678
 1.055008394  3.165602605
 1.019805581  2.918872502
 0.596518736  2.764629966
 1.002075428  3.002317868
 0.803598376  2.913589960
 1.234197392  3.177322384
 1.125054136  2.708489114
 0.795966614  3.449161382
 1.279600651  2.987470398
 0.803128003  3.379471699
 1.049702043  3.066076725
 0.965405667  2.735947022
 0.864736585  3.151082825
 0.947596732  2.761301366
 1.004326106  2.875256587
 1.279993023  2.713369004
 1.104758882  3.222614334
 0.816076488  3.023890576
 0.680453451  2.888142813
 1.078223557  3.055262882
 1.186625729  2.904374862
 1.157233702  3.181397416
 0.923305242  3.236585102
 0.882488794  3.472825571
 1.170396809  2.386474417
 1.046711219  4.188573673
 0.925672826  3.936090337
 0.835428115  4.086256432
 1.284531627  4.145497813
 1.170162544  4.143253581
 0.884155817  4.252496520
 0.976229105  4.301973370
 0.895462781  4.338894916
 1.296740011  3.746836265
 1.071417343  4.032687484
 1.273232031  3.973260166
 0.890576273  3.873773530
 1.211268535  4.184284703
-0.027853083  4.113431834
 0.824928868  4.452238938
 0.895252017  3.902458219
 1.331533310  4.285968397
 0.872578526  4.385941123
 1.365997079  4.081882170
 1.307136871  4.228436778
 0.936878253  4.077776695
 1.061369462  3.798782694
 0.676636195  4.086887862
 0.785144949  4.017766386
 1.110458643  3.592383240
 0.692026665  3.910228184
 1.141432490  3.891701043
 0.978145418  3.888357521
 0.661671083  3.716454922
 0.768931287  3.722437852
