 0.7799993315  0.3074155116 -0.1800937262 -0.0176048480 -0.0560557829
 0.7605702863  0.1264001808  0.1281063968  0.2667421088  0.0900611814
 0.8853585001 -0.1298780621 -0.0383699855  0.2125641293 -0.0400870885
 0.6373750998  0.2293613601 -0.0709589320 -0.2325283570  0.0578970497
 0.5801087209 -0.1714926829  0.1575354914 -0.0035754661 -0.0911214630
 0.6708453195 -0.1980817590  0.0464266663 -0.2643109877  0.1359107967
 0.8087239293  0.1357395944 -0.1841302138  0.0125138420 -0.1369743142
 0.9406696685 -0.3095538749  0.0383512028 -0.0326021670 -0.3066830630
 0.8871913560 -0.1432936367 -0.1015601190 -0.0532236559 -0.3547075148
 0.7532354808  0.0374260884 -0.0560511993 -0.4833309280  0.1098775492
 0.8581158186  0.3052211968 -0.2121363733 -0.2271824975 -0.0913149296
 0.9410177455  0.1296144182  0.0540049175 -0.0249653739  0.0037177348
 0.6733697704 -0.2057849309  0.2669940238 -0.0416456899 -0.0302462178
 0.5531271586  0.0097653711 -0.0413223598  0.2084224556  0.0434843721
 0.6393104458  0.0303442856 -0.1190868787  0.1837980530  0.3801757904
 0.3314216675 -0.2860955739  0.1520293167 -0.0368184881 -0.1389883036
 0.6013282989 -0.1753251014 -0.2217976617 -0.2705865134 -0.0596368386
 0.6316381749 -0.1488602279  0.1232694865  0.1720982175 -0.2427287807
 0.4615198989  0.0414357918  0.2319961766 -0.0659648156  0.0266759171
 0.7857221313 -0.1163122588  0.1296478760  0.2403599840 -0.1129105305
 0.5754487324  0.0147922848  0.0208454601 -0.1609196696  0.1329239402
 0.9560270648 -0.2420603565 -0.2666350519 -0.0207049606 -0.1805084892
 0.6937030960 -0.1258993938 -0.3883468876  0.0992993874  0.2669294324
 0.5000427106 -0.1684785716 -0.0351200850 -0.3621913276  0.2942707898
 0.8165510639  0.1223307414  0.0795444299 -0.0235860729 -0.1509495250
 0.5001648648  0.0006163277  0.2184015725  0.0156915782 -0.0751704989
 0.7709752780 -0.2787709950 -0.2015909879 -0.1383168149 -0.3308865130
 0.3243524511 -0.0833576533 -0.0483645721  0.0800128457  0.0217076892
 0.7895011207  0.0175270762 -0.0142802813 -0.0086873491 -0.3974930351
 0.6622934240 -0.0002419037  0.0269123078  0.2315279439 -0.0063737130
 0.4168053585  0.1009152770  0.0202193327  0.0032439646 -0.3291786319
 0.8863255709  0.0367666227  0.0144662544  0.0797111172  0.0702336347
 1.0550397392 -0.1528895962  0.1865221531 -0.2726393530 -0.2736843745
 0.6770886976 -0.3711755023 -0.0592775224  0.1250049447 -0.0479035497
 0.7666170258 -0.0065916202 -0.0479330707 -0.1025051274  0.1816282711
 0.8088451139 -0.0639591548  0.2939674937  0.0498444023 -0.0244490100
 0.5691768445  0.0785754235 -0.0519886569  0.0477521065  0.3015791945
 0.5134215243  0.1839988044 -0.1741669981 -0.2886037752  0.1686349049
 0.8272332000 -0.1347307415 -0.0640534754 -0.0584647129 -0.0407615189
 0.7701768859 -0.0769482702  0.1035222323 -0.1066050461  0.1141477107
 0.6671935161 -0.0663542564 -0.1527530168 -0.1208248324 -0.0918257397
 0.6125309040 -0.2090178036 -0.2626462909 -0.1645376639 -0.2123983083
 0.7929134874  0.0576839621  0.0608902176 -0.1643270514  0.0803959348
 0.5231747611 -0.0226791049  0.2005341429 -0.0093742034  0.0188080125
 0.7366543060 -0.0473604136 -0.1724091358 -0.0704929832 -0.2213224957
 0.5396336329 -0.0344536610  0.1975570491 -0.0439639484 -0.0038403229
 0.3942036438 -0.1182061957 -0.1040916130  0.1692690023 -0.1432972175
 1.0058466328 -0.0236513742 -0.2469828549 -0.1769123262  0.0334781474
 0.9974252172  0.1723551350  0.1622636925 -0.2566277176 -0.1229870271
 0.7878772414  0.0841240321 -0.2809297791  0.0749181734 -0.2093794273
-0.0497687233  0.9202159751 -0.1775132275 -0.0383624291 -0.0642597574
 0.1193358196  0.6754069733 -0.2877866171 -0.1555787811  0.0898161340
-0.0960406818  0.7075449273 -0.0073329096 -0.0032212878 -0.2129180119
-0.0357939582  0.8933943031 -0.1228705167 -0.0525000773 -0.1966633724
 0.0361121438  0.7456988976 -0.0575036372 -0.2939006650  0.2375964175
 0.1502496862  0.5418994527  0.0971691238 -0.0711716672 -0.0675603453
 0.0519156300  0.8763475284  0.1609842569 -0.1443264576 -0.1490693220
-0.3770215815  0.5851985596  0.3492483297 -0.2936152517 -0.1285950946
 0.0079401381  1.0027974272  0.0162727982  0.1555295638  0.1012849029
-0.0812889847  0.6656773963 -0.0195037970 -0.1616121573  0.1506364862
 0.2678427604  0.7746274887 -0.1698900186  0.0406156722  0.2639943755
 0.0824890381  0.6842468805 -0.1508961960 -0.0723588778 -0.2714715761
 0.0199739974  0.7808745425  0.0618213279 -0.0633670352 -0.1297389184
-0.0064802647  0.7518829076  0.1876817863 -0.0894573224 -0.0979473482
 0.2026274038  0.7117569175  0.0366635808  0.0864833850 -0.1653007998
-0.0100704035  0.6590346280  0.1011628832 -0.1890593951  0.2782901449
-0.1244287985  0.7195041744  0.1556958802 -0.1397887455  0.2079506544
 0.2840576958  0.7301393219 -0.1162190232  0.0383410014 -0.0295259588
 0.0809732081  0.7175422408  0.1890127296 -0.1024526110 -0.0296463693
 0.2441890301  0.7183577220  0.0556488763 -0.1182010395  0.1382081445
-0.1685771664  1.0798896074 -0.1187694385 -0.1077905069  0.0979079352
 0.2899236981  0.7758937920  0.0984678071  0.0166790011 -0.0588793141
 0.2059427748  0.6619342399  0.0370701948 -0.1503254639 -0.2668443582
 0.1582763419  0.7781039801  0.0854366071 -0.1451375687 -0.2122095872
-0.0642871741  0.4889783840 -0.2762976599  0.0870775303  0.2827862063
-0.0983519657  0.9491123193  0.1749036079 -0.0546862716 -0.0975455118
-0.0269229429  0.7985617867 -0.0863928345  0.1047401739 -0.1987644582
 0.1001130608  0.8676301799 -0.1965881098 -0.2633290393 -0.2201559150
-0.0506620621  1.0850117062 -0.1585915069  0.0515909425  0.0763609466
 0.0093803605  0.6404805891  0.0958128926 -0.0834543218 -0.2744518981
-0.0656696364  0.4491299320  0.0676336319 -0.3262168530 -0.2490511541
 0.1628988285  0.3239800748 -0.2219973303  0.3974194435 -0.3516546166
-0.0998913355  0.8771665065 -0.2938010223 -0.0581831600  0.1550607097
-0.0057620418  0.8411893319 -0.1123912719 -0.0866406418  0.0329115464
-0.1485510989  0.5659343334 -0.1802501218  0.0103690312 -0.1452546584
 0.0169552962  0.6717135418 -0.1019423027 -0.0568416821  0.0248905444
 0.1276553935  0.9358572106 -0.0765246555 -0.1617678213  0.2023025998
 0.2172513793  0.5831603709 -0.0423781661  0.0047732650  0.1382725243
 0.0773803691  0.4226333973  0.3096190046  0.1671806696  0.0610076429
 0.0214361927  0.8619733106  0.0185023056 -0.0263427257  0.1113434957
 0.2504195986  0.5925642373 -0.1888755908 -0.5204758854 -0.0378526324
 0.4096184567  0.6263445376 -0.0291835197  0.2072558441  0.2981152540
 0.3329416886  1.0066652134 -0.0279699023 -0.0099214151  0.1804208353
 0.2550817832  0.4683482575 -0.2135547141  0.3272742443  0.0652784220
-0.2121970519  0.6819674172 -0.2104399114 -0.0422622301 -0.3096517104
 0.1389329988  0.8220932369  0.2774369143  0.4263654975  0.0035769469
 0.0971110326  0.8523587971  0.2510939749 -0.0360823836 -0.0170223462
-0.0603024052  0.6731184810  0.1987898065 -0.1389092046 -0.0121713818
 0.2796033033  0.7669991333 -0.1861165889 -0.0592617063  0.0948315084
 0.0423601665  0.7179493961  0.1238692594  0.0366642405 -0.0579622295
 0.0730890382 -0.1305956589  0.8514095764 -0.0873939846  0.2134680237
 0.2227259047 -0.1373400273  0.7503502915  0.1444985311 -0.1638233168
 0.0830502807  0.1636211571  0.3916967156  0.0087816422 -0.1531556438
-0.1576369633  0.1797873445  0.6985838089 -0.2026421538 -0.1431615041
 0.1541413662  0.2645541116  0.5822034001  0.0443156469 -0.0826575284
-0.1485633293 -0.0738874670  0.7243241682  0.1987507084  0.1435435733
-0.3665100480 -0.0624687522  0.8417632845 -0.1274058093  0.1180501361
-0.1821729850  0.0080417749  1.0325598519 -0.0801329692 -0.0063114210
 0.0659498400 -0.3658568145  0.5908109553 -0.0172891475 -0.1882663217
-0.0352782340 -0.1634398386  0.8727477823  0.1765973864 -0.1907720009
 0.0831214891 -0.5167210490  0.7628231467  0.1754990533 -0.1283751246
-0.1817730491  0.0798296465  0.4403524202  0.0932411507  0.2344173654
-0.0331609189 -0.1280920465  0.7826147857  0.0234299193  0.2778243526
 0.1834444361  0.1794964719  0.3566890531  0.1001323765  0.2091465971
-0.0618127606 -0.1239415559  0.4753286841  0.0705856395  0.1253097435
-0.1562193974 -0.0519279491  0.7919448399  0.0201439969 -0.0511624786
 0.0994982483  0.1989854163  0.5178561339 -0.5529596713  0.1494338612
-0.0620500470 -0.1561351839  0.8065912309  0.3399387244 -0.0394296363
-0.3577797000 -0.0659289618  0.5773337445 -0.1788567399 -0.1835739140
 0.0965352866  0.3320930357  0.5559316855 -0.1484038242  0.1937193530
-0.0720644262  0.0644573328  0.6239768197  0.2446566933  0.0952648912
-0.2678977555 -0.2789916633  0.9076025170  0.0647606567  0.1123816506
-0.1228030930  0.0463881557  0.8020560438 -0.0205072513  0.1507254931
-0.2795915265  0.0157478093  0.7546240447  0.3710315622  0.0659753555
-0.3201407011 -0.1312198212  0.6413454996  0.3696674150 -0.0825304634
-0.2414286487 -0.3659299160  0.5307508118 -0.0179809813 -0.1554007642
 0.3309311680  0.1438221654  0.9376375958 -0.1218347931  0.3793733971
-0.0516703845 -0.0155223177  0.9518996654  0.1526971039 -0.1553856622
-0.0071912982  0.0658564769  0.6461898087  0.2403813081 -0.0965446013
 0.1839194682 -0.1314934545  0.7463739343 -0.3811186245 -0.2375371642
 0.2589579865 -0.2178156001  0.8503816169  0.1192602606 -0.2308608399
-0.0359225633 -0.0596071616  0.8153351721  0.0119515384  0.0573486518
-0.0130180332  0.0213062145  0.7855808657 -0.0793055133 -0.0215263506
-0.0541043903  0.2256528233  0.4453231076  0.2634142394  0.0180293047
-0.2115788392 -0.0228535045  0.5871997819 -0.1434975632  0.0485320627
 0.0721924674  0.0042392425  0.4548138794 -0.1104507395  0.1060204380
 0.1629586715  0.1295333343  0.6010274951 -0.3381777363  0.0284924094
-0.0096796923 -0.3379282002  0.8224915872 -0.1233225922  0.1621693053
-0.0531065379  0.2406665474  0.3023918374 -0.3721304020 -0.0173538221
-0.1147051264 -0.2049750647  0.5488828444 -0.2452950481 -0.3034443864
-0.0027622493  0.0997849565  0.5591234126 -0.2910305514  0.2324499667
 0.0038045071 -0.0462770555  0.7472749864  0.1670843764  0.0140739205
-0.0395660327 -0.0046405111  1.1288614926  0.2021888701  0.0771999915
 0.0715987075 -0.1478276404  0.7494663599 -0.0123382656  0.0880076225
-0.0285766129  0.1211286575  0.7964388681 -0.1051327662  0.1636751884
 0.0883016069  0.0129568098  0.9312772522 -0.4024769555  0.0824208821
-0.2839647282 -0.1476732133  0.7035338878 -0.1877077083  0.1136286839
-0.0203833451 -0.1735834519  0.6717685132 -0.2882270873  0.1210555959
 0.0007231018  0.1792644465  0.5366018262 -0.1357227466 -0.5327379241
-0.1364880909  0.1340429029  1.0065818550 -0.1264514906 -0.0820210587
-0.0811885157  0.1878747433 -0.0172268061  0.5543887960 -0.0367463992
-0.1037014559 -0.1860775169 -0.0246216296  0.7535079375  0.0748973321
-0.1017609275 -0.1907810720 -0.4961841008  0.8513817383  0.0494530510
 0.1037708178  0.0873524901 -0.0818934392  0.4437668358  0.2641398556
 0.0646723908 -0.1768703875 -0.0265308573  0.7966770259 -0.0427637469
-0.1796565724  0.2248820311 -0.0222341669  0.3725960700 -0.1290888208
-0.0783922835 -0.0949779573  0.3339352196  0.6349679670 -0.0248674086
 0.1350270387 -0.3255196765 -0.0324770146  0.7236917734 -0.1201612274
-0.0345881429  0.0856128987 -0.1047690392  0.6783400675  0.3298996352
 0.0899079432 -0.0298383174  0.1848095503  0.7440790598 -0.0669879367
-0.0037239279 -0.0776708590  0.2426619875  0.5450767552  0.1512815290
 0.0699484037  0.2278232299  0.0571649149  0.8122275554  0.1143567317
 0.1521842801  0.3411340770  0.0482095435  0.7387046895 -0.0285163327
-0.0736827832  0.1846136781 -0.2147385810  0.5068477746 -0.4972495322
 0.2201683673 -0.1181500717  0.0322198905  0.3586512863 -0.1492715244
 0.1521798324  0.1139591021  0.1601152858  0.8120827646 -0.0774233106
 0.3629090469 -0.0370341916  0.0364730367  0.4396295111  0.0172873649
 0.1699404050 -0.1251687413  0.1806291983  0.4454550168 -0.0912827900
-0.1138194919 -0.1215006967  0.3704891617  0.7552975506 -0.1557650571
-0.1224434769 -0.0304938657 -0.0599790730  1.1623810014 -0.1448235601
 0.1746750436  0.2709817097  0.4240448470  0.8564307169  0.2007907656
-0.1446810018 -0.0984722393  0.1696768214  0.5270871184  0.2348081252
-0.1992097968  0.3726704895  0.2627821139  0.3150488857 -0.1209705957
 0.1082715157 -0.0960566762  0.1595740881  0.2444376923  0.0230496871
-0.0704851258 -0.1304023587 -0.1214730974  0.8812485546 -0.1271148769
 0.0092605854  0.0430108858 -0.0017535785  0.6008508124  0.1618471049
 0.0687145590 -0.0448145798  0.1409727838  0.5166560376  0.0332307640
 0.0152117857  0.1536149211  0.0251954290  0.3755319728 -0.0143140576
-0.1445794214 -0.2661209585 -0.1887816906  0.6357522216 -0.0914306549
 0.0746226750  0.0132318570 -0.1088792640  0.6568808648  0.1553629935
 0.1713497767  0.1441629823 -0.0128832751  0.4578691337  0.2052506783
 0.1857138446  0.2509690291 -0.3592059460  0.7780442855  0.0977794358
 0.2292242442  0.0115929742 -0.0867796700  0.7509068270  0.0409135639
-0.1123425174  0.2854992375  0.0231879043  0.7038560734 -0.2448188934
-0.1996262577 -0.0639562666  0.0076114447  1.1100840860  0.0914710057
 0.0867778088  0.1418389550 -0.3314714900  0.7462964766 -0.0867706482
 0.0068001921 -0.2001762584  0.0263865958  0.9597526245  0.1550419376
 0.2691859393 -0.2004042444  0.0599944727  0.6445036552 -0.1536194397
-0.0208952763 -0.1775666584 -0.1300928873  0.6765227821 -0.0626248782
-0.0637317173  0.0553345046 -0.1638223833  0.7375248551 -0.0803383951
 0.0731261092  0.0397800467  0.1150145163  0.3249593716  0.2184578134
 0.0608826322 -0.0960639537  0.0950339098  0.7221753327  0.1349454926
-0.0805445183 -0.1815123914 -0.3909360584  0.7536372754  0.1425751793
 0.0244161467  0.0637029838 -0.0363687237  0.3512812648 -0.2659924739
 0.2973719083  0.1635615130 -0.0655368512  0.6599686799  0.0691494367
-0.0007700543 -0.1553276374 -0.1136963074  0.9782937042  0.0422218657
 0.0134394830 -0.0109191713  0.2902521925  1.0950632025  0.1654520515
 0.1439857452 -0.1339174835 -0.2084963366  0.3434829679  0.0967625060
 0.0489243490  0.1745541839  0.0917423361  0.5055956835 -0.2072509178
-0.0480365970 -0.0792208856  0.0664841200  0.5582889060 -0.2660236386
 0.2033893558 -0.0055874783  0.0201435946  0.0249668146  0.6018112011
-0.1380062835 -0.0851133667  0.0457079030 -0.1517797485  0.5611982823
 0.0729813757 -0.2477562374  0.2477519460 -0.1015816428  0.6548619280
-0.1089702003  0.0417802992 -0.1173162609  0.0981401008  0.6435808257
-0.0288322157 -0.0618436254 -0.2148032526  0.1309755945  0.4290707632
-0.1506737308 -0.0209591824  0.2094971696 -0.0701991426  0.9653893835
-0.0028141831  0.2550914227  0.0364864379  0.0990591338  0.7757125748
 0.2960424198 -0.1069413911 -0.0201451140 -0.2862940283  0.6422672409
-0.0442766356  0.3720323404 -0.1307927743 -0.1162176654  0.6169284441
-0.0728432433  0.1709499570  0.0548137698  0.0749829705  1.2691891496
-0.2051551017 -0.1057588293  0.3103595689  0.1006662025  0.7207228073
 0.3231015576  0.2286623165 -0.1209143827  0.0013663831  0.7169747814
-0.0984367585  0.2245516273  0.1463616255  0.3083473190  0.9245464197
 0.0083220117  0.0105187035 -0.1790283255  0.3350006179  0.8309166977
-0.1085049913 -0.4016991312 -0.1232746965 -0.0333546257  0.3293290789
 0.0511638751  0.2200292476  0.0644535483  0.0382629530  0.6108509778
 0.4450870969  0.0599257671  0.0742597820 -0.2819402920  0.5697668752
-0.1516770983 -0.0134183937 -0.1158624642  0.1057474179  0.8195533381
 0.0127575452 -0.0150584739 -0.0420359963  0.1059813593  0.6641984572
-0.3462775695 -0.0458104129 -0.0849163010  0.2518156998  0.9091388627
 0.0130306900 -0.2439064862  0.0012934907  0.1038311178  0.6854314879
 0.1146066260 -0.0519069008 -0.0367869593  0.0227711263  0.5614826361
 0.0949582429 -0.0812806130 -0.0321169532  0.0304446836  0.7997355188
-0.2877723147 -0.0051082748 -0.1505322804 -0.0076771787  0.9095115433
-0.0734534546 -0.0100422899 -0.1715515960  0.1669296902  0.7282831648
-0.0151974595  0.0112201409  0.1262110034 -0.0034732430  0.6520847899
 0.0734165638  0.1886268570  0.3777980933 -0.1708650992  0.6783241994
-0.0894389388 -0.1545555009  0.1161047561  0.0743247381  0.8777592383
-0.1754695765  0.1196355863  0.1286104445 -0.1029958007  0.6996056349
 0.1151438564  0.0037825396  0.1266954987 -0.2348244660  0.7052297766
 0.3130786331  0.1286347672  0.2584045639 -0.0058841381  0.6885443998
 0.0501759748  0.1074716936 -0.1288842840  0.2449268515  0.6170074765
-0.3308802617 -0.1110989540 -0.2462031317 -0.1643978499  0.9320938599
 0.4389791901  0.2672809624 -0.1331331066  0.3268452008  0.8008491211
-0.1815547763  0.3256292032 -0.4408554109 -0.2066548398  0.5535766850
 0.0108345041  0.1623943453  0.2046925857  0.0599350144  0.7508276724
-0.3440992351  0.0700722935 -0.2132974535 -0.0284080244  0.7223705668
 0.0464219566  0.3554905071 -0.0598484847  0.0426428776  0.7406019166
-0.1715275190  0.1200296812  0.2357952875 -0.1214918937  0.8003183158
 0.1084159164  0.1292668511 -0.0857324837 -0.0539562575  0.8551429007
-0.1254993094 -0.2495609712 -0.2020141096 -0.1133551236  1.0891775697
 0.0552153554  0.0762296154  0.0876319011 -0.0183707739  0.8098423604
-0.0801425528  0.0608138986 -0.4369253235 -0.0262177071  0.7109069211
 0.0878046190 -0.3780253362  0.1137643850 -0.0999289652  0.6571305111
 0.0270030656 -0.3840976985  0.1510295453 -0.1273411478  0.7499549752
-0.1541200914 -0.1423753284  0.0851580438 -0.0501572022  0.6258849170
-0.1702850982  0.0363876984  0.2285088543 -0.1621168008  0.6841445003
-0.0834490552  0.2319140784 -0.1722964367  0.0641857925  0.6706489408
 0.0678287529 -0.3144577784  0.0838714213 -0.1348401204  0.6180984028
-0.2038875494 -0.0343027187  0.2226747515  0.4052184919  0.5539723763
 0.2839447777  0.2578515163  0.2157538555  0.7917462403  0.2647720230
 0.4597693996  0.4676540814  0.4275483366  0.2598751901  0.6758110894
 0.5295745190  0.5108910680  0.4118328844  0.4292988827  0.5953345297
 0.3310347183  0.7403252847  0.2168674266  0.2308147932  0.5724505093
 0.1058245098  0.5898315956  0.5913897158  0.3590567772  0.6751620281
 0.3784698919  0.6099697670  0.4137200542  0.3928757201  0.5037564385
 0.4719033292  0.3735345599  0.6468316258  0.5161063028  0.7278120782
 0.4736998453  0.3110186275  0.4969470252  0.6482400990  0.4534554047
 0.4212124412  0.2557962603  0.3900393298  0.6972828747  0.3911094411
 0.6967722706  0.1068685465  0.3069880878  0.5092469893  0.6956917034
 0.6557188857  0.4922074148  0.4531224029  0.4329847212  0.4613063285
 0.6832555161  0.4308660332  0.6360325728  0.3709354836  0.5908399328
 0.7185630839  0.5896145469  0.8304397572  0.4721934559  0.9221122465
 0.6404544284  0.2845581469  0.3083499959  0.4792000672  0.5115225835
 0.8030748120  0.4215930085  0.4753698063  0.8583263071  0.4959480367
 0.5427433550  0.4180502488  0.2718779719  0.8198822527  0.5399289127
 0.4516675620  0.5952721300  0.2850417374  0.5974682777  0.4456592544
 0.3911058657  0.4795679208  1.1322317154  0.5442161403  0.5054630611
 0.8172607798  0.3984286981  0.4800195777  0.4603934065  0.4365445552
 0.3147319808  0.1939905171  0.4705963355  0.0733071355  0.6610926398
 0.4601274380  0.6732135673  0.5304429766  0.5947908250  0.5975720516
 0.6834129673  0.3876894303  0.2263657100  0.5640742677  0.4999424027
 0.4198498867  0.5365925701  0.3831847246  0.6077452770  0.2420392942
 0.4437037603  0.5496725245  0.2024532587  0.4383773340  0.5386154344
 0.6491063250  0.2167433870  0.3030716145  0.6209332492  0.3479821165
 0.5547361005  0.5244679349  0.4484136314  0.4244403708  0.4312391056
 0.7846299517  0.2584875425  0.5411424388  0.4649633553  0.4688672166
 0.5140141778  0.4240038906  0.4793535541  0.4126386341  0.5387100852
 0.3539523342  0.2620882463  0.3276860784  0.3663681451  0.4732524844
 0.8061927899  0.5057006661  0.6470949838  0.5864231614  0.6776562991
 0.6733320157  0.3344287938  0.5464344923  0.3658883763  0.5202569610
 0.2095155793  0.6374744342  0.4877846756  0.4210875974  0.2743868776
 0.4971248454  0.4151533754  0.2452931665  0.4595111390  0.3971255645
 0.4404185845  0.4628684247  0.4653250019  0.3809916978  0.6887691408
 0.6088410967  0.4129959686  0.3516414675  0.3390379675  0.2752929266
 0.3147763271  0.5193912901  0.3918658773  0.1602245422  0.6301953730
 0.5200885652  0.4831390032  0.7155358442  0.6998019802  0.4112321226
 0.6889041890  0.5566583209  0.5950525846  0.3271215760  0.3622375319
 0.5017960624  0.6295435168  0.1495061415  0.2642224630  0.2431987430
 0.4705154427  0.5364653595  0.2444453716  0.2890267373  0.3946365823
 0.3435458096  0.0810063541  0.6014865707  0.3164654170  0.4977062247
 0.4003718584  0.2762107549  0.4290225795  0.3672915348  0.8447696457
 0.3851929217  0.0714101804  0.1959291935  0.3918710873  0.5009370323
 0.6866894080  0.5954203024  0.1867430624  0.5634087923  0.4301279975
 0.5582330334  0.7463715630  0.4884068222  0.4125996668  0.4911854932
 0.4617163876  0.4161981404  0.3736229603  0.7360527845  0.7928018055
 0.5312924715  0.5193641681  0.5339246433  0.5185300246  0.6187023740
 0.6300783564  0.4436919845  0.6995815501  0.5797333705  0.4381085644
 0.2798979196  0.2654109521  0.5729066657  0.3750620165  0.8861203201
 0.3834580974  0.6878826212  0.2048747282  0.3729160700  0.3506429120
