 6.294792e-01 -2.611524e-01  4.278684e-03 -1.696585e-01  1.041129e-01  1.312982e-01
 2.541214e-01  2.161809e-01  1.012685e-01  8.875904e-02  1.028096e-01  1.596531e-01
 5.905766e-01 -1.738539e-01  4.625383e-02  2.184148e-01  1.678011e-01 -1.617739e-01
 5.951132e-01  3.377385e-01 -2.465750e-01  3.989236e-02 -7.945822e-03  3.870349e-01
 5.757128e-01 -2.414324e-02  8.844913e-02 -5.550669e-02 -4.595833e-05 -4.008539e-01
 6.160828e-01 -1.743255e-01 -1.957608e-01  3.298079e-02  1.160878e-01 -2.328643e-01
 5.977559e-01 -1.011097e-01 -2.223275e-02  2.046704e-01 -1.410998e-01  1.609243e-01
 7.748641e-01  8.518917e-02 -2.296918e-03 -8.901387e-03  1.730287e-01 -1.711825e-01
 8.672536e-01  2.540262e-01 -5.646987e-02  2.093771e-01 -3.051429e-03 -8.629418e-02
 8.062551e-01  2.249543e-01 -3.397835e-01 -7.751523e-02  1.306398e-01  4.889756e-02
 6.105258e-01 -1.606734e-01  2.688188e-02  1.162516e-01 -1.009467e-01 -1.669161e-01
 7.799827e-01 -4.037759e-01  2.878873e-01  1.524952e-03 -1.990245e-01 -2.752184e-01
 5.805651e-01  1.760954e-02 -1.389384e-01  1.198704e-01 -3.241583e-03 -2.633199e-02
 9.272690e-01 -8.518961e-02 -2.918587e-02  1.677393e-01 -5.644290e-02  3.189807e-01
 6.132376e-01 -1.338185e-02 -3.553417e-02 -3.679040e-02 -1.187349e-01  1.362737e-01
 7.986457e-01 -2.885687e-01  1.479413e-01  2.181903e-03 -1.238787e-01 -3.671348e-01
 6.402894e-01 -1.832415e-01  1.401536e-01  1.637124e-02  1.318322e-01 -1.290085e-01
 8.418484e-01  4.742720e-02 -1.635649e-01  4.961983e-02  1.872622e-01 -2.195736e-02
 6.096733e-01  5.504436e-03  4.007634e-02 -3.977025e-02  9.716170e-02 -7.398663e-02
 5.708161e-01  1.200486e-01 -1.550407e-02 -1.998583e-02 -1.841885e-02  6.784549e-02
 7.979745e-01 -2.786441e-01  1.112427e-01 -1.753369e-01 -4.021334e-01 -3.143729e-02
 8.415818e-01 -6.737452e-03  1.149820e-01  6.657149e-02 -7.102080e-02  1.550202e-01
 4.769446e-01 -1.337732e-01 -1.791898e-01 -1.321398e-01  3.591680e-02  2.924971e-02
 1.003389e+00 -8.380244e-04  2.365811e-01  2.858383e-02  3.582221e-02 -2.112264e-01
 5.529222e-01 -1.590046e-02  9.077029e-02 -8.576141e-02  3.861970e-02  6.358654e-02
 7.368461e-01  1.559771e-01 -5.900318e-02  7.182370e-02  8.665780e-02 -2.219079e-01
 6.297988e-01 -9.189267e-02  1.604022e-01  9.018756e-02  3.885317e-01 -3.086735e-01
 6.940227e-01 -7.562489e-02  3.568280e-02  3.987772e-02  7.879412e-02 -9.632654e-02
 7.524373e-01  2.438870e-01  3.207543e-02 -1.058478e-01  6.437870e-02 -6.435176e-02
 8.144797e-01 -3.323033e-02  7.906268e-02  2.694511e-01  2.814796e-02 -1.290413e-01
 6.259675e-01 -2.392418e-02  7.273408e-02 -4.290239e-01  2.365764e-01 -5.315221e-02
 7.931370e-01 -1.218812e-01 -1.807665e-01  7.629101e-02 -4.146222e-01  1.416555e-02
 4.950862e-01  1.896328e-01  1.435077e-01  1.368141e-01 -8.565681e-02 -4.481951e-02
 6.308120e-01  2.260212e-01 -2.086699e-01 -2.893838e-02 -3.368688e-02 -1.147740e-01
 5.841336e-01  1.400301e-01  5.432631e-01  4.554224e-02 -7.938313e-02 -3.044214e-02
 7.495471e-01 -2.686092e-02 -1.936927e-02 -2.708288e-02 -2.179347e-02  2.165179e-01
 7.766356e-01 -3.902276e-02  1.111855e-01  1.566216e-01  9.545913e-02  7.167010e-02
 8.493490e-01  3.439870e-01 -7.614925e-02 -1.211260e-01  5.383378e-02 -5.490898e-02
 5.685647e-01  1.173964e-01 -3.047236e-02 -1.433555e-01 -6.372007e-02 -7.763876e-02
 6.123585e-01  8.175953e-02  1.863638e-01 -2.870266e-01  3.609118e-02  4.246408e-02
 8.599000e-01 -2.557220e-01  5.817284e-03 -2.272606e-02  3.352204e-02  1.052390e-01
 8.388271e-01  1.777404e-01 -3.087952e-01 -1.271431e-01 -1.000944e-01  3.464183e-01
 9.409516e-01  1.965233e-01  3.616105e-01  1.066814e-01  2.193465e-01 -1.277173e-01
-3.079223e-01  5.852434e-01  1.643060e-01 -1.849452e-02 -2.335752e-02  1.356373e-01
-7.736148e-02  7.956066e-01  4.300946e-02 -2.307128e-02 -6.922087e-02 -9.009937e-02
 1.611416e-01  5.778884e-01 -1.315660e-01 -3.177396e-01 -1.207473e-01 -2.566094e-01
-1.189159e-01  6.768157e-01 -1.616617e-01 -3.451755e-02  3.926635e-01  1.564869e-02
 2.448648e-01  8.458546e-01  2.112235e-01 -1.394036e-01 -5.551278e-02 -2.840975e-01
 7.497203e-02  5.992026e-01  1.864754e-01 -4.708917e-02 -1.375124e-01 -7.173167e-02
 3.573701e-01  1.115173e+00  2.445229e-01  2.117153e-01  5.830194e-02 -7.743769e-02
-5.821401e-02  6.819216e-01  1.305260e-01 -2.633450e-03  1.956132e-02 -2.108317e-02
 2.970727e-01  6.536731e-01 -2.793168e-01  1.312482e-01 -7.876985e-02 -1.055293e-01
 5.549166e-02  6.620243e-01  3.764297e-01  3.902799e-01  3.733230e-02 -2.135632e-01
-1.841358e-01  7.003778e-01  3.072300e-01  2.953704e-02 -8.315561e-02  2.503805e-02
 2.437312e-01  8.190899e-01 -1.273393e-01 -1.469825e-01  1.209896e-01 -3.382067e-02
 3.662779e-01  5.307327e-01 -8.519397e-02  3.710724e-02 -1.945164e-01 -7.872698e-02
 1.783328e-01  4.168609e-01 -2.020526e-02 -1.296510e-01 -8.277268e-02  1.173117e-01
-1.025451e-01  5.421681e-01  1.238096e-02 -1.065467e-01 -2.039168e-01 -1.385342e-01
 1.627125e-01  8.649083e-01 -4.302114e-03 -5.068996e-02  3.226918e-01 -4.016993e-01
-4.338618e-01  4.126613e-01 -2.804080e-01  1.845447e-01  7.536804e-02  1.546498e-01
-3.362550e-02  4.112050e-01 -1.225631e-01  1.667695e-01 -2.258208e-01  4.062743e-02
-1.817143e-01  6.621855e-01  9.042584e-02  2.309776e-01  2.421625e-01  2.753721e-01
 6.951046e-02  5.590713e-01  2.345404e-01 -1.160217e-01 -5.494522e-02  9.036320e-02
 3.119339e-02  7.342773e-01 -2.387266e-02  7.515601e-02 -4.999359e-03 -2.019954e-01
 6.171863e-02  8.886837e-01 -3.257133e-01 -1.273292e-01  1.218824e-01  3.008278e-01
 1.344066e-02  1.177773e+00  1.371169e-01 -1.652067e-02 -6.479616e-02  5.657504e-02
 2.363695e-02  8.845433e-01  5.365486e-02 -3.795171e-01  1.034363e-01 -9.295931e-02
 8.678755e-02  6.364869e-01  3.312192e-02 -2.140287e-01  2.598358e-01 -1.209770e-02
 2.069174e-01  6.888256e-01  5.520332e-02  3.530480e-01 -2.912623e-01 -9.424274e-02
 1.959450e-02  7.358637e-01  6.036781e-02 -6.809790e-02 -7.276534e-02 -4.271955e-02
 1.310842e-01  7.316767e-01  3.367506e-02  3.362628e-02  2.417217e-01 -3.731546e-01
-1.790530e-02  4.069802e-01 -2.854246e-01  2.393558e-01  4.087905e-02  5.053939e-02
-1.456888e-01  6.191366e-01 -2.402099e-02  1.424907e-01 -3.715202e-01  3.201175e-02
 1.115775e-01  5.172773e-01 -2.800580e-01 -2.830232e-01 -1.615102e-01  2.890893e-01
 2.126807e-01  6.014029e-01 -1.713120e-01 -2.254493e-01  6.046363e-02 -1.031229e-01
-4.349622e-02  7.200920e-01  8.680513e-02  8.632312e-02  3.868478e-02  1.993064e-01
 3.206972e-01  9.727235e-01 -1.942309e-01 -2.749103e-01  7.828753e-02 -1.186692e-01
 1.444745e-01  4.630965e-01 -5.732865e-03 -1.190494e-01  8.913942e-02 -3.945311e-02
-1.198204e-01  9.662308e-01  8.246776e-02  4.329546e-01  1.976062e-01 -5.063090e-01
-4.798376e-02  8.672385e-01  1.443874e-02 -1.980697e-02 -2.696413e-01  2.113472e-01
 4.259455e-02  6.076704e-01  3.091221e-02 -2.079037e-01 -8.449848e-02 -6.241327e-02
 5.007430e-01  8.460589e-01 -1.013726e-01 -1.874271e-01  1.094456e-01 -1.485837e-02
-2.295258e-01  8.521570e-01  4.757792e-02  1.134279e-01  1.149874e-01  1.444100e-01
 6.316206e-02  8.111375e-01  6.811532e-02  1.502845e-01  1.489939e-01  1.072151e-01
-4.547992e-03  3.572210e-01 -1.237700e-01 -1.285802e-01  3.171487e-01  1.821016e-01
-8.921293e-02  9.888064e-01  1.472696e-01  5.128043e-02 -6.905246e-03  1.941014e-01
 6.273838e-02  1.370907e-01  8.828201e-01  6.731201e-02  1.133492e-02  6.733397e-02
 4.239813e-02  2.278489e-01  9.410744e-01 -1.701964e-02 -3.089932e-04 -1.752995e-02
-1.858744e-01  2.464950e-01  5.316748e-01 -1.749468e-01  2.272187e-01  5.371711e-02
 1.210666e-02  2.879149e-01  1.001855e+00 -4.006401e-02 -2.475733e-01  5.941670e-02
 6.566292e-03 -1.492732e-01  6.365268e-01  1.967930e-02 -1.474029e-01  2.854423e-02
-2.326464e-01  2.826920e-02  7.003904e-01  7.499976e-02  4.877200e-02  7.904191e-02
-2.496778e-01 -1.413624e-01  1.042172e+00  6.072582e-02 -2.138708e-01  2.206463e-01
 7.050768e-02  2.605936e-01  6.354391e-01  1.956222e-01  2.046117e-02  5.848682e-02
 7.686024e-02  8.597213e-02  4.675476e-01 -3.395515e-01 -1.120358e-01 -1.292433e-01
-1.814186e-01 -1.735786e-02  7.731698e-01 -1.792633e-01  1.020626e-01 -1.810594e-02
 8.899471e-02  1.991392e-01  4.748775e-01  4.632131e-01 -1.274827e-01 -1.515911e-02
 4.830230e-02  7.889263e-02  8.169639e-01  1.364170e-01  9.981330e-02 -1.571972e-01
-1.551514e-01  1.051638e-01  5.544222e-01 -1.603338e-01  9.995128e-02 -8.383411e-02
-6.119978e-02  4.527279e-01  6.432949e-01  5.489696e-02 -1.451905e-01 -3.634849e-02
 1.848107e-02  1.743527e-02  2.830424e-01  6.931631e-03  5.459425e-02  8.060571e-02
-6.654915e-03 -4.380934e-01  6.418613e-01  1.858683e-01 -5.339641e-02  6.911216e-02
-3.228497e-01 -1.671616e-01  9.064222e-01  2.518074e-02  2.837249e-03  5.248197e-02
-1.113905e-01 -6.560173e-02  7.393802e-01  1.082598e-02  7.912692e-02 -4.066338e-01
-9.923494e-02 -2.794890e-02  8.238565e-01 -2.064504e-02 -1.610836e-01  5.867082e-02
 9.293925e-02 -1.185898e-01  4.655561e-01  2.077556e-01 -1.042958e-01  2.331355e-02
-8.782560e-02 -1.339147e-01  8.067776e-01 -6.776283e-02  2.313720e-02  1.815777e-01
-5.173088e-02  2.910997e-01  3.484695e-01 -3.202607e-02 -4.598621e-01 -1.999971e-01
-7.212893e-02  1.862238e-01  7.022068e-01 -1.302935e-02  1.254516e-01  4.299211e-03
-3.329039e-02 -1.451496e-01  6.305059e-01  9.361768e-02  6.180192e-02  5.207577e-02
-1.862422e-01  1.162566e-01  1.153024e+00  3.148043e-02 -2.787380e-01 -2.342931e-01
 2.293869e-01  1.052649e-01  6.212504e-01  2.288978e-01  8.818629e-02 -9.081810e-02
 1.983251e-02  5.267417e-02  6.994534e-01 -4.212839e-01 -2.684094e-01  8.611542e-04
-1.804948e-02  1.868128e-01  5.356899e-01  1.230281e-01 -2.136683e-01  1.756608e-01
 6.706205e-02 -4.787085e-02  7.784226e-01 -5.276267e-02 -1.264289e-01  4.239059e-02
 2.649893e-02  4.720056e-02  6.230900e-01  1.772648e-01  8.827900e-02  5.950060e-03
-7.952883e-02  1.316532e-01  9.362262e-01 -3.865764e-02  6.816817e-02 -2.168461e-01
 2.724416e-01  4.400855e-02  8.928387e-01 -2.108831e-01 -2.562961e-01  2.971707e-03
-1.975375e-01  1.729973e-01  5.467950e-01  7.125187e-03  3.110132e-02 -9.247876e-03
 6.928412e-02  2.145513e-01  3.118300e-02 -7.627187e-02  6.832433e-02 -2.068058e-01
 1.706905e-01 -5.989452e-02  6.796692e-01  2.386643e-01 -2.345961e-01  2.933740e-03
 3.759972e-01 -1.523458e-01  6.632172e-01 -2.053853e-01 -2.854943e-02  1.430273e-01
 5.661973e-02  7.343273e-02  7.042936e-01 -1.608245e-01 -9.051571e-02 -1.298242e-01
 6.047000e-02 -9.192326e-02  7.151198e-01  2.156704e-01 -2.894627e-01 -2.572840e-01
-2.691610e-01 -1.359457e-01  7.122815e-01 -7.114740e-02  5.404548e-02 -4.326929e-01
 8.574054e-02  1.253600e-01  6.954585e-01  3.015086e-02  5.285842e-02  1.851312e-01
-2.705318e-02  2.229411e-01  6.897776e-01  3.696756e-01  1.150669e-01  1.365330e-01
-1.760481e-01  3.378127e-01  7.089339e-01  1.108532e-01 -8.258786e-02  2.132617e-02
 4.446319e-01  2.223876e-01  8.384182e-01 -2.256541e-01  1.564214e-01  2.034988e-02
 9.306377e-02  3.209454e-01  1.973996e-01  6.480306e-01 -2.235714e-01 -1.392444e-01
-1.458346e-01 -3.151798e-01  1.949091e-01  6.176076e-01  1.528831e-01  1.670412e-01
 1.839829e-01  1.409441e-01 -1.960498e-01  6.664146e-01  8.889891e-02  9.693923e-02
 2.656654e-01  2.403549e-01  6.870106e-02  1.034336e+00 -3.106805e-02  1.785926e-01
-2.089725e-01 -5.026537e-02 -1.792545e-01  7.667172e-01 -8.702629e-03 -6.115657e-02
-2.441908e-02  1.547353e-02  2.570221e-02  7.950663e-01  1.156606e-01 -2.639048e-01
-1.423497e-01 -4.255133e-01 -9.308615e-02  1.021246e+00  3.651131e-02 -2.194878e-01
 1.270569e-01 -1.191882e-01  1.624593e-01  4.150649e-01  5.800216e-02 -4.273558e-02
-2.133363e-01  2.333397e-01 -1.938426e-01  8.168868e-01  2.946092e-01  1.357941e-01
 1.786203e-01  1.639551e-01  4.983762e-02  6.562353e-01 -2.731387e-01 -1.179350e-01
 2.068326e-01 -6.557112e-02 -5.206873e-02  5.851781e-01  7.062842e-02 -1.980560e-01
 1.016802e-01 -6.846320e-02 -4.711139e-02  8.595580e-01 -2.103671e-01 -8.344238e-02
-1.537928e-01 -5.837575e-02  4.771767e-01  6.859552e-01 -1.175742e-01  5.585249e-02
 2.690163e-01 -5.869988e-02  2.941054e-02  9.527199e-01 -3.959401e-02  1.433318e-01
-1.444964e-01 -3.072434e-02  2.546026e-01  1.044742e+00 -7.002433e-02 -2.543068e-02
 4.593608e-02 -3.310304e-01 -1.915442e-01  5.856920e-01 -2.475804e-01  1.450644e-01
 8.274150e-02 -8.781891e-02 -4.556601e-01  8.648402e-01  9.201392e-02 -2.787610e-01
-2.375135e-02 -1.410661e-01 -1.936466e-02  1.078146e+00  8.500444e-02 -1.484207e-01
-3.595243e-03 -8.693275e-02 -1.454687e-01  7.888485e-01  2.537917e-02 -2.727898e-01
 2.923797e-03 -9.213506e-02  1.889375e-01  6.555235e-01 -1.341627e-01  1.160922e-01
 9.988866e-02 -7.588670e-02 -2.789843e-01  7.499007e-01  1.104426e-01  1.700067e-01
-5.996507e-02  6.426194e-02 -8.550826e-02  5.469987e-01  1.431402e-02 -5.952085e-02
 4.310577e-02 -3.580933e-02  3.438081e-01  4.695129e-01  2.541478e-01 -1.256304e-01
 7.206147e-03 -3.807027e-02 -1.004022e-01  8.730617e-01 -7.862363e-02 -3.986769e-01
-1.407994e-01 -2.879484e-01  1.361780e-01  8.547998e-01  5.913491e-02 -2.609059e-02
 1.124842e-01  2.408480e-01  1.258014e-01  6.165676e-01 -1.427868e-01 -6.051235e-01
 6.742118e-02 -1.988349e-02  2.551686e-01  5.090518e-01 -5.866595e-02 -9.347691e-02
-1.207113e-01 -1.748456e-01 -8.996399e-02  8.262737e-01 -3.450124e-01  5.092374e-02
 1.682088e-02 -1.702014e-01  2.489632e-01  5.371257e-01 -4.010398e-01  1.251116e-01
-1.273940e-01  2.143353e-01  3.738859e-02  4.320259e-01  2.461744e-02 -3.244456e-01
-4.409243e-02  1.253393e-01 -2.930356e-01  8.230097e-01  2.143935e-01 -1.465729e-01
-3.392909e-01  1.892205e-01 -2.036641e-01  7.374545e-01  1.144357e-01 -2.666225e-02
-1.922613e-01  8.014825e-02 -2.951062e-01  5.995933e-01 -4.869715e-01 -1.192867e-01
 3.703805e-02 -1.680765e-02  1.476920e-01  9.561152e-01  3.110398e-02  2.220838e-01
-4.740506e-02  1.052368e-01  2.877694e-01  7.799492e-01  1.744721e-02 -2.218556e-01
 2.051971e-04 -9.739278e-02 -7.501291e-02  8.439741e-01  1.416434e-01 -3.152777e-01
-2.699102e-01 -9.824038e-02 -7.970541e-02  5.235943e-01  5.886413e-02  6.341361e-02
 2.506951e-01  2.411236e-02 -2.217310e-01  7.685794e-01  1.801251e-01  3.324910e-01
 6.773025e-02  2.602300e-02 -2.653796e-01  9.316238e-01  1.502791e-02  1.844720e-01
 9.426266e-02 -1.830369e-01  2.022270e-01  7.549772e-01  2.172359e-01 -2.442960e-01
 8.539029e-02  2.020047e-01 -3.148150e-02  8.374573e-01  2.602592e-01 -9.174145e-02
-2.924489e-01  1.388402e-01 -3.654155e-01  4.830110e-01 -8.353852e-02  1.105893e-02
 4.200840e-01  1.252308e-01  1.568372e-01  6.039125e-01  9.553731e-02  3.275831e-01
 5.346145e-02  8.739808e-02  4.792861e-02 -1.648211e-02  6.941963e-01  1.309968e-01
 1.859603e-01 -2.139657e-01  1.209822e-01 -4.533260e-02  5.898995e-01 -3.160228e-01
-9.127376e-02  1.382565e-01  5.317370e-02 -1.570260e-01  6.067044e-01  3.660673e-01
-5.147954e-02 -7.080111e-02 -3.143439e-02 -3.637186e-01  7.466845e-01 -3.199179e-02
 1.389293e-01 -3.527317e-02 -1.158408e-01  2.707366e-02  6.805620e-01 -3.421041e-02
-1.000325e-01 -2.953358e-01 -1.093017e-01 -1.452455e-01  1.021001e+00 -2.492587e-01
-2.455979e-01  8.947606e-02  1.261811e-01 -5.260857e-02  6.337392e-01  1.355545e-01
 1.665379e-02  3.095179e-01 -5.972751e-02  1.810527e-01  6.188249e-01 -1.861625e-01
-8.977561e-02  1.470294e-01 -1.408036e-01 -1.491076e-01  4.426286e-01  8.805376e-02
-1.356225e-01 -4.636817e-02  1.757755e-01  1.641821e-01  7.976544e-01 -1.424659e-01
 2.108147e-01  2.134194e-01 -1.096350e-01  1.780692e-01  7.375121e-01 -1.278469e-01
-9.702842e-02  1.160978e-02 -1.269532e-01 -3.093854e-02  9.067759e-01 -6.563566e-02
 2.104669e-01  1.977116e-01  1.116124e-01  1.238462e-03  7.588830e-01 -1.514197e-01
 1.073147e-01 -1.480982e-01 -5.889911e-02  6.487437e-02  4.408580e-01  3.087223e-02
 1.337960e-01  8.027318e-02  1.646664e-01 -8.459943e-02  7.117758e-01  2.270679e-01
 1.221686e-01 -1.416491e-01 -4.713353e-03  7.757898e-02  8.071761e-01  1.811985e-01
-1.258928e-01  2.357241e-01  4.632187e-02  2.975009e-01  9.396226e-01 -1.264541e-01
 1.036928e-02  7.329186e-04  8.878289e-02  3.896995e-01  9.231498e-01 -1.900756e-01
-9.676489e-02 -2.456254e-01 -1.802058e-02 -1.498068e-01  6.465280e-01  1.141545e-01
-1.267949e-01 -3.252102e-02  8.719861e-02  1.722124e-02  8.490997e-01  1.084354e-01
 2.002001e-01 -1.897123e-01  9.809249e-02  8.563195e-02  4.997164e-01 -3.603851e-02
-2.603491e-02 -1.861415e-01 -4.571121e-02  7.974162e-02  5.989629e-01 -8.309605e-02
 4.175170e-01  5.388205e-02  6.456529e-02  1.686641e-02  5.780694e-01 -1.798229e-01
-2.496073e-02 -7.220451e-02 -1.902017e-02 -3.234927e-01  5.841559e-01  2.165831e-01
 1.391816e-01 -1.232509e-01  2.196680e-01  1.261811e-01  4.097754e-01  6.721692e-02
-9.031956e-03 -8.537489e-02  1.007999e-01 -1.594132e-01  8.950705e-01  1.285682e-01
-6.902692e-02  1.073166e-01 -2.846210e-01  6.239150e-02  9.618177e-01 -1.630758e-01
 3.139248e-01  2.655847e-01  4.448761e-01 -5.534157e-02  4.491566e-01 -6.037722e-02
 8.927224e-02  1.252600e-01 -1.903272e-02  6.087802e-02  8.063870e-01  1.814869e-03
 3.450866e-01 -1.393008e-01  9.691225e-02  3.762007e-02  7.006548e-01 -2.833236e-01
-7.829475e-02 -1.328986e-01  4.435193e-01 -3.769545e-02  7.416285e-01 -1.523655e-01
-3.097255e-02  3.628773e-03 -2.355480e-01  1.865938e-01  8.135174e-01  1.932435e-02
-5.340346e-02 -2.608384e-01 -5.369801e-02 -1.178273e-01  8.425776e-01  4.543169e-01
 3.973534e-01 -2.973883e-01 -3.216152e-02  3.009169e-01  7.938944e-01  6.644206e-03
 1.496657e-02  5.287675e-03 -5.813835e-02  1.335798e-01  6.941557e-01 -8.793347e-02
 7.431015e-02 -5.372594e-02 -1.861311e-01  8.294680e-02  6.008602e-01 -2.521650e-01
-9.349041e-03 -1.988046e-01 -9.923481e-02 -1.965586e-01  7.073640e-01  2.455831e-01
 5.957027e-02 -6.353752e-02  7.173518e-02 -3.033869e-02  5.919229e-01 -2.909468e-01
 2.819996e-01  1.858440e-01 -2.604896e-01  5.069790e-02  1.020927e+00 -1.933486e-01
 7.622513e-03 -1.533769e-02  1.475541e-02  4.549646e-02  7.961123e-01  1.512974e-01
 9.157518e-02  1.120358e-01 -1.184619e-01  3.063818e-01  8.307712e-01 -5.738284e-02
-1.173331e-02 -1.202120e-02 -1.041801e-01  4.195029e-02  7.395579e-01  4.960720e-02
 1.536884e-03  1.102874e-01  8.411869e-02 -1.452783e-01  5.134895e-01  3.245822e-01
 1.759218e-01 -2.456766e-01  8.819406e-02 -2.061392e-01 -8.254600e-02  9.321595e-01
 1.252329e-01  2.090599e-01  4.577803e-02 -3.353690e-01  1.697427e-01  6.296774e-01
 1.773713e-02 -9.226202e-02 -1.250643e-01  1.914978e-01 -5.548601e-02  5.558713e-01
 6.402658e-02  3.114058e-02 -8.245511e-02 -2.623273e-01  2.138458e-01  8.044028e-01
-1.790724e-01  1.053700e-01 -1.675016e-01 -2.077282e-02 -2.942438e-01  5.880517e-01
-8.527907e-03 -1.525658e-02  1.548525e-01 -2.348397e-01 -2.477858e-01  1.034498e+00
-3.409192e-01  1.606413e-02  4.074114e-02  1.940707e-01  2.395294e-01  8.661832e-01
-5.444837e-02 -3.193374e-01 -2.737790e-02  1.631097e-01  2.730677e-01  2.922016e-01
 2.482429e-01 -3.395053e-02  1.183561e-02  7.743796e-02 -1.600953e-01  7.571347e-01
-6.959733e-02 -6.478482e-02  1.169739e-01  4.283760e-02  2.576259e-01  6.313552e-01
-1.174576e-01 -1.471984e-01  2.454381e-01  1.459780e-01 -2.263564e-01  6.115691e-01
-1.564471e-01 -1.143061e-01  8.447208e-02 -2.866191e-01 -5.158274e-02  9.666147e-01
-1.072857e-01 -8.254752e-03  1.148520e-01  8.068771e-02 -2.782944e-01  4.732328e-01
-2.208735e-01 -1.673275e-01  7.443834e-02 -5.965146e-02 -3.438997e-01  6.014764e-01
 2.788926e-01 -1.545265e-01  2.514081e-01 -4.722551e-02 -7.588064e-02  5.867394e-01
-2.181353e-01 -1.721049e-01  2.452755e-01 -1.897753e-01 -1.513109e-01  5.009515e-01
 2.445219e-01  1.201330e-02  2.983940e-02 -3.000184e-01  1.823768e-01  5.566732e-01
-2.694330e-02  7.169433e-02  2.288746e-01  4.073509e-02  2.228673e-01  3.937233e-01
-3.597268e-02  5.906970e-02  1.369671e-01 -1.153423e-02 -1.452674e-01  3.651048e-01
-1.645757e-01  6.963316e-02 -1.704529e-01  9.256053e-02  2.622847e-01  6.645783e-01
-1.781643e-02 -1.181909e-02  7.834922e-02 -2.833717e-01 -1.019120e-02  7.048119e-01
 8.002553e-03  3.554295e-01 -1.494566e-01 -6.064107e-02  3.724114e-01  7.688192e-01
-4.418773e-02 -8.271493e-02 -2.761823e-01 -8.026903e-02  6.044055e-02  7.127138e-01
 1.753406e-01  2.676754e-02 -1.159681e-01  2.119217e-01  1.306990e-01  7.673500e-01
 2.696475e-03  2.274874e-02 -2.822476e-01  3.177534e-01 -1.100136e-01  6.536938e-01
 2.424554e-01  2.003497e-01 -1.340353e-01 -1.493769e-01 -1.277163e-01  7.006526e-01
-1.407444e-01 -5.901393e-02  2.210898e-02  4.125067e-02 -1.620440e-01  8.623868e-01
-8.567093e-02  1.907222e-02  1.162450e-01 -1.217123e-01 -7.041307e-02  6.392887e-01
 1.697716e-01  1.791279e-01 -1.903020e-01 -1.218733e-01  6.825790e-02  8.979281e-01
 3.772849e-01 -3.839432e-03 -2.689324e-02 -4.751516e-01 -6.711649e-02  8.954834e-01
-2.995674e-01 -1.412883e-02 -1.789504e-01  5.784833e-02 -4.504595e-02  4.417674e-01
-6.165879e-02  1.624276e-01  1.252902e-01 -2.172850e-01 -4.558006e-02  7.525281e-01
-3.679158e-01 -9.169262e-02  3.737485e-01  2.796931e-01 -2.774488e-01  6.817072e-01
 1.256743e-01 -2.268480e-01 -1.436323e-01 -1.996797e-02  8.410577e-02  8.638006e-01
 9.839665e-02  8.918421e-02 -8.982903e-02 -1.480968e-01  7.502536e-02  1.075200e+00
 2.392797e-01  1.930555e-01  3.872297e-03 -1.005855e-01 -1.327894e-01  9.376704e-01
 2.706471e-01 -1.314328e-01  8.018847e-02 -1.062744e-01 -1.311258e-01  1.070617e+00
-2.693434e-01 -2.364790e-02 -2.052616e-01 -2.761318e-01  2.210138e-02  3.807314e-01
 1.612875e-01 -1.707992e-02  5.966004e-02  7.832067e-02 -1.556388e-01  8.846565e-01
-2.095691e-01  9.065824e-02  7.452363e-02  9.146522e-02  5.457054e-02  7.223678e-01
-1.562735e-01  5.988199e-02  1.642037e-01  1.398099e-01 -1.436671e-01  6.619300e-01
-3.543980e-02 -9.267164e-05  1.675980e-01 -1.029840e-01  1.157521e-01  5.503232e-01
 2.079775e-01  2.660066e-02 -2.435862e-01  7.663198e-02 -1.408821e-01  4.570870e-01
 1.599235e-01  5.237118e-01  3.643912e-01  6.515499e-01  6.119797e-01  6.163114e-01
 5.149077e-01  3.976972e-01  2.810387e-01  4.403340e-01  5.534230e-01  4.762685e-01
 4.980865e-01  1.559799e-01  4.079844e-01  3.908250e-01  5.675993e-01  3.212121e-01
 3.975225e-01  5.401953e-01  4.430755e-01  3.105675e-01  3.918223e-01  4.553124e-01
 3.544189e-01  5.126890e-01  2.001577e-01  2.453755e-01  5.918566e-01  3.334847e-01
 6.544560e-02  5.692539e-01  5.157188e-01  5.617164e-01  5.032884e-01  4.533582e-01
 4.374658e-01  4.584889e-01  6.784790e-01  5.639458e-01  2.447211e-01  5.167440e-01
 7.363039e-01  6.422935e-01  2.805037e-01  1.732461e-01  1.429148e-01  3.321690e-01
 6.669916e-01  6.685884e-01  4.890114e-01  3.292253e-01  2.491763e-01  4.992102e-01
 2.350281e-01  3.122519e-01  5.338601e-01  3.874151e-01  3.890334e-01  2.763783e-01
 5.671078e-01  7.833185e-01  2.136763e-01  4.160658e-01  5.650016e-01  2.314619e-01
 6.370278e-01  3.682782e-01  4.050620e-01  7.122741e-01  6.063295e-01  4.730711e-01
 5.320500e-01  3.453923e-01  3.865846e-01  5.683799e-02  7.985814e-01  5.226400e-01
 7.457105e-02  8.978333e-01  2.611872e-01  2.503801e-01  2.867798e-01  2.048001e-01
 3.531085e-01  3.310696e-01  4.055424e-01  4.779137e-01  3.104045e-01  5.139600e-01
 7.726009e-01  6.284759e-01  4.723911e-01  2.491965e-01  4.131746e-01  5.239111e-01
 6.043786e-01  2.331219e-01  6.885500e-01  1.787108e-01  6.587451e-01  4.479942e-01
 3.553427e-01  2.613157e-01  3.157512e-01  4.533984e-01  3.182935e-01  5.414827e-01
 4.712806e-01  5.331574e-01  5.324142e-01  2.623383e-01  5.468744e-01  3.807774e-01
 4.872616e-01  4.281108e-01  4.739797e-01  2.947775e-01  2.982982e-01  6.860279e-01
 5.454479e-01  4.990078e-01  2.247144e-01  3.387062e-01  4.291021e-01  1.957816e-01
-6.417091e-02  3.236454e-01  2.193089e-01  5.000664e-01  4.245267e-01  2.851984e-01
 4.691588e-01  4.455859e-01  5.408805e-01  5.654629e-01  3.444005e-01  4.127538e-01
 5.142677e-01  3.649214e-01  7.036214e-01  3.044147e-01  5.251677e-01  4.992075e-01
 3.673259e-01  4.759753e-01  6.927761e-01  2.467187e-01  3.672265e-01  2.020170e-01
 6.441030e-01  5.175708e-01  1.994310e-01  2.855050e-01  4.237918e-01  2.035481e-01
 5.502837e-01  5.860106e-01  2.119493e-01  5.393323e-01  2.419699e-01  4.008032e-01
 5.983375e-01  5.567100e-01  5.096782e-01  3.275573e-01  3.686219e-01  4.078871e-01
 2.918885e-01  4.680838e-01  2.775140e-01  5.490825e-01  3.986415e-01  4.667296e-01
 4.904962e-01  8.011851e-02  7.936290e-01  6.117636e-01  7.289632e-01  4.376336e-01
 4.209247e-01  3.266298e-01  3.515285e-01  5.658730e-01  8.113934e-02  5.716080e-01
 2.354470e-01  4.626788e-01  2.732541e-01  4.589999e-01  4.331466e-01  6.260059e-01
 4.108810e-01  6.118511e-01  5.253102e-01  3.540854e-01  3.432886e-01  5.763742e-01
 3.686257e-01  6.770296e-01  3.191780e-01  3.205124e-01  4.451624e-01  3.518888e-01
 2.376812e-01  4.853296e-01  2.682923e-01  4.169449e-01  4.494453e-01  5.092999e-01
 6.022420e-01  6.138202e-01  5.382668e-01  4.920024e-01  5.759071e-01  3.128880e-01
 5.255319e-01 -2.221683e-02  3.196779e-01  2.534187e-01  1.619614e-01  5.120284e-01
 5.175776e-01  3.489586e-01  5.868786e-01  4.881306e-01  4.731178e-01  4.198882e-01
 3.482086e-01  3.885277e-01  2.866340e-01  5.573787e-01  3.079994e-01  3.000084e-01
 1.962418e-01  5.778204e-01  3.338139e-01  4.209773e-01  2.139020e-01  1.992267e-01
 3.021697e-01  1.417305e-01  5.002407e-01 -3.410982e-02  4.919845e-01  6.137154e-01
 2.465600e-01  2.018197e-02  5.187295e-01  6.498218e-01  3.023664e-01  4.245828e-01
 3.314316e-01  3.375793e-01  4.891095e-01  4.996241e-01  3.751346e-01  2.856438e-01
