 0.2200439680 -0.0658713971
 0.5221051058 -0.0289656709
 0.3754292082  0.0233322427
 0.4057054245  0.1083260795
 0.3746432023  0.1798295101
 0.4365790399  0.1449255604
 0.3482541203  0.0798651206
 0.4579833262  0.1100535807
 0.4738649256  0.2055067750
 0.3960696224  0.0381767733
 0.2472721980 -0.0324158523
 0.3868406167  0.1168616178
 0.4338212969 -0.0590751461
 0.3227371133  0.0757281046
 0.2266968918  0.1176358563
 0.3239386990 -0.0312553463
 0.4081507456  0.0414786204
 0.3754394396  0.0509340635
 0.4275612557  0.1059442588
 0.3519225145  0.1253585668
 0.2761319433  0.0467152004
 0.5027917382  0.1818827093
 0.3311269579  0.0375423253
 0.2566852538 -0.0175041734
 0.4885178506 -0.1881236911
 0.4645831430 -0.0022804080
 0.3134196608  0.1190723025
 0.3566320820  0.0616599360
 0.2827471422  0.2469248238
 0.4975286994  0.1615974047
 0.3598828763 -0.0156187752
 0.3614616164  0.1822534213
 0.2766326275  0.0435964170
 0.1909342514  0.2429638309
 0.3750593000  0.1641098431
 0.5201865123  0.0465760936
 0.3181778796  0.1540907078
 0.4192152059  0.0223380262
 0.4805060150  0.1048967245
 0.3407278718  0.3140305123
 0.5935893405  0.5020064760
 0.5888874475  0.4961264212
 0.6139995902  0.5007757493
 0.4470182004  0.4354256050
 0.5478802470  0.4735467111
 0.6148273058  0.6392717354
 0.4861810335  0.4435597653
 0.4362771330  0.4590998872
 0.6253299507  0.4617256949
 0.5264129237  0.4074156074
 0.6112931622  0.3697826567
 0.5820223272  0.5533661724
 0.3874366666  0.4512948101
 0.4946658807  0.4512201209
 0.6079850963  0.6265327675
 0.4188556931  0.5641601228
 0.5472848339  0.4388948110
 0.6375146996  0.5229447042
 0.6827725716  0.6690954089
 0.4878173110  0.5144258580
 0.4323870324  0.5178219919
 0.4609502224  0.4956430254
 0.6849390250  0.5408931627
 0.5580510061  0.2808839001
 0.5442469414  0.5665941748
 0.5195678546  0.6091671929
 0.3874881058  0.3435425508
 0.5860161452  0.5968507923
 0.5211419630  0.5850020278
 0.5424327125  0.4643848011
 0.1975226825  0.7597280946
 0.2739940760  0.7678598606
 0.2123305218  0.7640386668
 0.3173400531  0.8205190650
 0.2284560651  0.7554284961
 0.0848753011  0.5915261216
 0.3484546039  0.7494817521
 0.1612591224  0.8254198646
 0.2046663886  0.7638943717
 0.1635035180  0.6555316391
 0.1550335135  0.8056240064
 0.2161568493  0.8476752356
 0.1139562465  0.7945923501
 0.2417212588  0.7332848026
 0.2753005618  0.7718844371
 0.4321973833  0.8687567952
 0.2744995076  0.7173136296
 0.2592869073  0.7913704595
 0.3291030842  0.8380252615
 0.2881673222  0.8309062245
 0.0633832193  0.8606101952
 0.0923648479  0.7536634896
 0.2007527193  0.6727885376
 0.3249558010  0.6202848823
 0.3409928412  0.6223906956
 0.2457797352  0.7050045730
 0.2490037231  0.7816118458
 0.1179602117  0.7457372054
 0.2190503010  0.7680697685
 0.3767842496  0.6067312173
 0.2874896761  0.8189948121
 0.0740998340  0.8040634519
 0.5099022700  0.8566375363
 0.2332757866  0.7316874648
 0.2228877454  0.8024907272
 0.2469616200  0.7774866418
 0.4121500764  0.8765143568
 0.3869710271  0.9232666941
 0.3209739344  0.8121714802
 0.2974217082  0.8594789072
 0.1882938627  0.7598080954
 0.1527939752  0.7995798969
 0.4776616196  0.6824142303
 0.1678428613  0.8440290583
 0.2864921472  0.7473135777
 0.2396570334  0.7052018210
 0.3320819971  0.9245190483
-0.0151873954  0.7739072975
 0.1081687676  0.8731006889
 0.1706511677  0.8040920021
 0.3251569414  0.7961721791
 0.1715492045  0.8398333426
 0.3990400850  0.5894064615
 0.2405556015  0.9374958120
 0.2490238735  0.7410689143
 0.1201648142  0.7105753030
 0.1261820110  0.6045452555
 0.1602678943  0.7683521776
 0.1716261004  0.8114257110
 0.1550210529  0.7243197425
 0.0515603900  0.9984032173
-0.0235505859  1.0292417200
 0.0118858515  0.9262652062
 0.1522643144  0.8981316486
 0.0981803026  0.8307145190
-0.0539471510  0.8736755050
-0.0247202024  0.9539009535
 0.0766472179  1.0248833239
 0.0492973093  0.7031498123
-0.0668512199  1.0781331019
 0.1424370856  1.0198425897
-0.1510968336  0.9844560177
-0.0596408289  0.9047915707
 0.1280727658  0.9457983708
-0.0196727266  0.9295422667
-0.0546496478  0.9307535484
 0.0712634678  0.9940152604
-0.0928524880  0.9137068225
-0.0801373295  0.8900709307
-0.0816285211  0.9011690115
 0.0339555332  0.9883724878
-0.1102479178  1.0081899441
 0.0767868018  0.8035996607
 0.0116556705  0.8620841059
 0.0044056962  0.8447985068
 0.1506533442  1.1131448926
 0.0340226971  0.9106863790
-0.0850569197  0.9313641362
-0.1681509725  0.9752362368
-0.0052682605  0.8421906319
-0.0271178808  1.0296444174
-0.0690985199  0.9005190670
-0.0520921666  0.9698409580
 0.0393976959  0.9486138657
-0.0985943850  0.8753392130
 0.0875012407  1.0396842941
-0.0515858708  0.8942766537
 0.0480816452  1.0039194873
-0.2233546755  1.0394245130
-0.1431948081  0.9591225992
-0.1518955833  0.7961773754
 0.0160227979  0.9639599886
 0.1035300963  0.9973320883
 0.0569519285  0.8281148215
 0.0787687612  0.8390743114
 0.0005468716  0.9672151070
 0.1569537275  0.9069959832
-0.0638797755  0.9281476784
 0.0916850663  0.8790507408
 0.0649799435  1.0767113604
 0.0672696836  0.9305563995
 0.0742437856  0.9364709918
 0.1160746641  1.0099806429
 0.1129055363  1.0250316879
-0.0440949790  0.8827658430
-0.0135615371  0.7663773420
 0.1210401722  0.9814008448
 0.1149251869  0.9065671610
 0.0741241622  0.9265055588
-0.0657190586  0.9208344749
 0.0880758342  0.9620749177
-0.0724250895  1.0421728764
 0.1658564182  0.9458564912
-0.0475821476  0.9626760539
 0.1603402723  1.0629714448
 0.0491029188  0.9013932441
 0.1238153701  0.9716671446
 0.1104949060  0.8572103412
-0.0533699873  0.9011775764
-0.1135923402  1.0244090773
 0.8351876721  0.7570612919
 0.8444475739  0.7215794300
 0.8504425263  0.7585162454
 0.9461884674  0.6996095931
 0.9821785213  0.6455862219
 0.8095977529  0.7319462460
 0.7640597267  0.8744795422
 0.8601040481  0.7163387251
 0.8219922816  0.7759143121
 0.8437287316  0.7214103140
 0.9053296381  0.7419305998
 0.7614096027  0.6670219427
 0.8834983406  0.7707696446
 0.9203508835  0.7059391371
 0.7968880345  0.7977109489
 0.9483817034  0.6599061088
 0.9195652923  0.7829146640
 0.8643772765  0.7041047643
 0.8822817482  0.6060166446
 0.9135342505  0.7779109966
 0.8437984107  0.6620412947
 0.8929044371  0.6574946648
 0.8817033544  0.6045002584
 0.9418529286  0.7796451938
 1.0054129769  0.8516124768
 0.7650416462  0.7798108912
 0.9013746274  0.7495554534
 0.8534935805  0.7078216233
 0.9062619797  0.6470597963
 0.7704435464  0.6315183532
 0.9832572109  0.6528027456
 0.8439535182  0.7431191006
 0.9090615417  0.8149860593
 0.8193487141  0.7869615184
 0.7450841266  0.7343546547
 0.8009002242  0.6978391444
 0.8697794957  0.7329167112
 0.9334674589  0.7362771374
 0.7813438663  0.7639060964
 0.9548035763  0.7518849447
 0.9004547419  0.9253635659
 0.8458120586  0.7168280536
 0.9053467773  0.7720348408
 0.8492887979  0.5909742141
 0.8307772295  0.7857822834
 0.9809433039  0.9780648060
 0.9771827351  0.9529228727
 0.9918440066  0.9582863749
 0.9910162253  0.9676534582
 0.9762103796  0.9570585233
 0.9708299621  0.9570087968
 0.9794823446  0.9804354485
 0.9685441343  0.9453514046
 0.9925545869  0.9470965608
 0.9614407995  0.9680214699
 0.9637338050  0.9702937261
 0.9617481693  0.9288639005
 0.9934909555  0.9455130806
 0.9705341802  0.9455101034
 0.9593484785  0.9875879910
 0.9970069602  0.9788087709
 0.9561601400  0.9660266506
 0.9729671505  0.9432610628
 0.9791411319  0.9611301487
 0.9629468478  0.9490233252
 0.9625157110  0.9553952939
 0.9669174340  0.9614794193
 0.9708256894  0.9539387659
 0.9607296719  0.9488294398
 0.9665147741  0.9800056267
 0.9561946434  0.9425657792
 0.9791300616  0.9462591121
 0.9574434354  0.9720733257
 0.9751525489  0.9593255599
 0.9736210328  0.9581559189
 0.9799126416  0.9577808215
 0.9864166842  0.9682422945
 0.9702045426  0.9504646162
 0.9809546661  0.9495354933
 0.9840608858  0.9644517425
 0.9644196439  0.9481180425
 0.9689627437  0.9419370964
 0.9648822866  0.9745326763
 0.9880594991  0.9559035360
 0.9742769190  0.9615071997
 0.9792292131  0.9547920250
 0.9768101857  0.9540293344
 0.9805511519  0.9434892467
 0.9654631412  0.9514416970
 0.9622417902  0.9656588451
 0.9646934692  0.9648948164
 0.9903905131  0.9555703519
 0.9870709594  0.9430922810
 0.9647265549  0.9557777702
 0.9714039350  0.9479576926
 0.9729706791  0.9772967098
 0.9859023507  0.9467208258
 0.9669144036  0.9580430532
 0.9640601793  0.9665504517
 0.9596924560  0.9686478686
