 0.632748008  0.814622729
 0.579333399  0.841965628
 0.633239838  0.874576900
 0.556934351  0.855244806
 0.702675892  0.790862239
 0.695844782  0.983184268
 0.576561451  0.765662335
 0.685047486  0.741680135
 0.657444867  0.683521805
 0.769795092  0.741122522
 0.662553778  0.721828270
 0.639027634  0.694264911
 0.527026076  0.870197167
 0.717783275  0.802713746
 0.480862336  0.841889336
 0.682256840  0.870853429
 0.524131888  0.902229173
 0.680718961  0.838694263
 0.668044218  0.796761995
 0.448551766  0.688957533
 0.675779784  0.795459601
 0.624761910  0.714560457
 0.649187215  0.711193829
 0.499334196  0.769556983
 0.622366071  0.787559058
 0.759485778  0.673130858
 0.654152937  0.788035091
 0.580500103  0.853483123
 0.627257425  0.795718168
 0.703904030  0.836649985
 0.543824389  0.791882631
 0.502331037  0.799573869
 0.595812252  0.714205321
 0.741201017  0.765710720
 0.519379510  0.778860764
 0.556480753  0.855904359
 0.712213211  0.920120014
 0.682604031  0.711944637
 0.487473713  0.798142901
 0.518411501  0.682305797
 0.691142120  0.898157976
 0.682303400  0.866836037
 0.669657051  0.862997692
 0.702578152  0.918826605
 0.786685963  0.762458036
 0.887035560  0.874846851
 0.560103316  0.948524776
 0.799137764  0.977510061
 0.763987873  0.805987927
 0.781618150  0.912934406
 0.770517636  1.102526164
 0.841031663  0.777001199
 0.850739330  0.998844881
 0.749908569  0.827637509
 0.677129976  0.762568340
 0.697774158  0.870228255
 0.782359241  0.932197070
 0.714101315  0.954388259
 0.658940298  0.812798997
 0.800730095  0.859592717
 0.849849168  0.890879960
 0.697602633  0.795245044
 0.739100857  0.910972944
 0.742975713  0.838492089
 0.937799326  0.841351215
 0.720127527  0.802778761
 0.798989983  0.844350964
 0.614832253  0.921416548
 0.675535042  0.843938088
 0.725092077  0.813525993
 0.124811101  0.726805879
 0.224641025  0.833454187
 0.086112806  0.837465028
 0.052867173  0.652316175
 0.080487395  0.666362652
 0.183683523  0.645320903
 0.151147008  0.793424201
 0.095212806  0.686882711
 0.017967779  0.913958914
 0.113258552  0.738636160
 0.174160831  0.744477810
 0.157960199  0.901945557
 0.179556120  0.730213458
 0.008328358  0.715250638
 0.135716813  0.803987668
 0.233825164  0.736084827
 0.287152281  0.927277487
 0.077529750  0.837597143
 0.206592386  0.811877384
 0.191552794  0.817434010
 0.079978052  0.814233726
 0.006187722  0.852504399
 0.102601872  0.712529532
 0.146107150  0.843227875
 0.284289261  0.625321100
 0.137074450  0.705011309
-0.001489218  0.751632005
 0.146783686  0.722552431
 0.210404070  0.781280381
 0.176013058  0.766018338
 0.008538199  0.706253817
 0.161551365  0.958134928
 0.039477761  0.681491865
 0.128574081  0.696248830
 0.027424126  0.659159393
 0.219991451  0.887389451
 0.297416017  0.811010529
 0.186808673  0.797704287
 0.236786697  0.820025664
 0.281271988  0.872917314
 0.205629049  0.844013658
 0.257824091  0.747268674
 0.108867920  0.725086928
 0.117307688  0.989899993
 0.239781067  0.804118230
 0.155261062  0.800867783
 0.039505552  0.761896714
-0.044605157  0.654383655
 0.084280806  0.727786579
 0.123712947  0.939140135
 0.070856063  0.751874229
 0.117666818  0.768911755
 0.178977223  0.664545440
 0.178652048  0.805954150
 0.194093956  0.903827312
 0.211056006  0.652972462
 0.345075185  0.880416848
 0.080082608  0.783689779
 0.195134826  0.849937235
 0.275066401  0.754159820
 0.533838313  0.376946398
 0.518222701  0.381423758
 0.549507971  0.378062027
 0.534494251  0.370558614
 0.511695637  0.370118650
 0.535194851  0.395555157
 0.494773215  0.371954138
 0.534919008  0.395347566
 0.537020609  0.386810541
 0.509883021  0.393352551
 0.503565979  0.383922675
 0.536316508  0.378147963
 0.524988765  0.354037123
 0.536899582  0.396239042
 0.519140486  0.371774784
 0.552329958  0.383649968
 0.530317548  0.405380331
 0.499126780  0.379190472
 0.563668146  0.379028206
 0.532207969  0.355313169
 0.566081164  0.361499243
 0.561233610  0.369357859
 0.523268524  0.419342843
 0.550933132  0.368770402
 0.550327500  0.382566024
 0.516841841  0.386592524
 0.545901503  0.420982829
 0.542239080  0.354418605
 0.527194421  0.353847860
 0.532606292  0.383433472
 0.520756822  0.363842127
 0.513229113  0.372062375
 0.561259594  0.408476013
 0.514660311  0.368646505
 0.528276136  0.359031702
 0.524847654  0.389549102
 0.534970871  0.401712686
 0.536639058  0.379712635
 0.583049254  0.390279239
 0.544015480  0.352806318
 0.510680665  0.364590272
 0.549344471  0.402222858
 0.538154491  0.401595273
 0.536030219  0.365770826
 0.554462331  0.396069100
 0.510391057  0.396841040
 0.531726327  0.391090113
 0.536067771  0.372339881
 0.531878191  0.355762205
 0.490452757  0.358337691
 0.538228574  0.410756093
 0.516850264  0.371069389
 0.535271371  0.364071986
 0.561954383  0.352756041
 0.535281744  0.394563061
 0.551328077  0.370964422
 0.522243431  0.348743812
 0.503050471  0.383977061
 0.541995446  0.396813616
 0.540727301  0.356267853
 0.534183401  0.393518202
 0.530998945  0.378901949
 0.543236036  0.348390456
 0.548422525  0.371766924
 0.554226202  0.366416296
 0.522835342  0.362112258
 0.528969879  0.383954218
 0.532505367  0.392961239
 0.517449417  0.357998283
 0.527527020  0.375921661
 0.436267405  0.406711057
 0.474165017  0.297586557
 0.548698950  0.417750658
 0.494962842  0.353707369
 0.495948048  0.316144809
 0.435730749  0.350144872
 0.450821290  0.371400581
 0.432926783  0.348562441
 0.523493940  0.370202086
 0.371376016  0.311185420
 0.461113632  0.390744728
 0.606708662  0.255705452
 0.484589050  0.466763289
 0.440346253  0.418323256
 0.463024685  0.346270361
 0.441199299  0.383047030
 0.537604618  0.383861860
 0.470662654  0.478015870
 0.398743786  0.359943365
 0.499878344  0.345299138
 0.418861494  0.326076666
 0.459216799  0.267495733
 0.443620208  0.394083920
 0.477006083  0.344545577
 0.480816438  0.359951631
 0.516038907  0.364763643
 0.425942759  0.294304497
 0.488409844  0.394077498
 0.557688394  0.322180199
 0.426037000  0.364975025
 0.436097063  0.407755463
 0.508697843  0.397359772
 0.489401433  0.347766124
 0.587526599  0.310181482
 0.434392653  0.417187763
 0.475116582  0.423876454
 0.542271447  0.337928101
 0.496821177  0.361674922
 0.403625390  0.446321703
 0.531200105  0.338811705
 0.491207508  0.330292100
 0.415945913  0.336243727
 0.475113153  0.448591373
 0.467674702  0.367345959
 0.441287065  0.271748063
 0.262962517  0.435985472
 0.115366695  0.547882473
 0.155946152  0.444491438
 0.274925815  0.485523922
 0.228067115  0.537816507
 0.225478650  0.440931775
 0.289249756  0.486661216
 0.220229464  0.395789615
 0.126532575  0.464147345
 0.137432645  0.433644128
 0.180965394  0.363109228
 0.311963471  0.461764121
 0.222163423  0.378764965
 0.248429913  0.562469752
 0.238366406  0.534370523
 0.216366060  0.545592063
 0.215079074  0.487462529
 0.153500620  0.512746428
 0.153976581  0.509824490
 0.269918231  0.505514735
 0.152457671  0.472089831
 0.350146244  0.409757518
 0.231350194  0.319338560
 0.178727813  0.535446124
 0.204836190  0.408275495
 0.240066500  0.295442585
 0.176109777  0.476647942
 0.314188349  0.415969005
 0.122816520  0.513812896
 0.267243417  0.376075942
 0.284150171  0.666824818
 0.232145141  0.347668357
 0.139966680  0.509528075
 0.129950112  0.522923861
 0.158651467  0.393942015
 0.173042383  0.563272107
 0.143706099  0.461129559
 0.266910928  0.477942159
 0.257790679  0.452700534
 0.192495061  0.586986210
 0.119545520  0.478501081
 0.229963231  0.408552657
 0.175829020  0.579351016
 0.264205255  0.416264463
 0.223534439  0.418586171
 0.285013939  0.537805394
 0.166595073  0.520801456
 0.152893012  0.464686610
 0.260965647  0.309771970
 0.198978346  0.403903837
 0.160228102  0.515889825
 0.252810042  0.356789157
 0.122204805  0.489241088
 0.190427207  0.451593137
 0.314377956  0.492161793
