-1.4319809654  0.6791759248
-0.2372180230  0.1613406741
 0.0846457685 -0.2733399574
 1.2710574205  1.6127997737
-1.7010224556 -0.7449257823
-1.2984643288  1.1725678615
 1.1340817080 -0.0202001841
 1.1308077809  1.2025015981
-0.7147662184  0.8543492364
-0.6063981105 -0.1334125300
-1.6395597341  0.3112328937
 1.4728631384 -0.8800188252
-0.1935452374 -1.7029337469
-0.0245820247 -0.5345730556
-1.3518301724  0.3015668685
 0.6893358919  0.4503237731
-1.4111926807 -0.7887976633
 0.3600197546 -0.0672027982
 1.0214231427 -0.8477088405
-1.1798002449 -0.3345053291
 0.5300353614  1.7993043191
 0.2496443178  0.5509034731
-2.2681730630  0.8094671691
-0.8916704063  1.1913593251
-2.1818229863 -0.9697568666
 1.3808541843  0.0829240438
-0.7202717874 -0.3612165674
 1.1209746159 -0.0185362404
 1.1605975582  0.7899307389
-0.9057817878 -2.0096376696
-0.4331023635  0.3150118697
 0.5816328572  1.6322347114
 0.5884728219  0.4413833597
-0.5107852822  1.0518663666
-0.2658326432  0.6753504578
-0.3971402106 -1.3336475950
-1.5130314203 -0.0184277640
 0.1638530789 -0.5940941621
-2.0975525663  0.6650983603
 1.3864949797  0.0604252168
 0.1961598662 -1.4363082256
-1.2158564943  1.1290854231
-1.9272399098 -1.2322076917
 0.6778435946  0.0528601143
-0.0427972358  0.3447442688
-1.5137664038  0.6902766368
 0.4287114648 -0.6373274852
 0.9769955422  0.4872924481
 0.7692234477  2.3872620182
 0.2392467592 -1.0397054979
-0.0718959255  1.3975804579
 0.7902269538  1.9488711748
-2.0501162008  0.7074038164
-0.5790707988  0.0354397383
-0.7028482536  0.1146397353
 0.4207305149  1.3912943900
 0.6135879680  0.1284892900
 0.5623377893 -1.3403741374
-0.1326919982  0.8127244839
 0.6387993466  1.2087968353
 1.7325747419  0.9067579220
-1.9162275334  0.2742817626
 2.5774980842  0.1526426877
-0.7184751298  0.3471717800
 1.4864733941  0.3701884724
-0.2775902656  1.3322684278
-0.7407591804  1.0910022423
-0.4436204433  0.5066444508
-0.3075663500  0.0452433915
-0.2032564256 -1.6177804715
 0.1946151423  0.5741657779
 0.1726535487 -0.5342062658
-1.2902511626  0.5752783537
-0.4205991601 -0.0217393752
-0.5825138021  0.4122834762
-2.2201842136  0.6957973826
-0.1985788948  0.7622089760
 1.4640092065 -1.1991033113
 1.4489352261 -0.7790259671
-0.9395144641  1.7213372537
 0.2057729665  1.5705327984
 1.6536939788  0.8512154411
-0.7162143054 -0.7121532951
-0.5764119681  0.6409600060
 0.7275057244 -0.2351037401
-1.1119130508 -0.7184854820
-0.8428466073  0.2326249092
 0.4354326188  0.1138020640
-1.9673906922 -1.4300305286
 0.6063931388 -0.0439293452
 0.1023506295 -0.8143158834
-0.3960571186 -0.4675547165
-0.9702736172  0.9086860462
 0.3246560473 -1.2837339902
-0.2775039720 -0.2666622020
-0.6199167701 -1.7704100964
-0.5681393570  2.2391292086
-0.0466602888 -0.2536782031
-0.0267946825  1.2026870202
-0.4863380382  0.5365812259
 0.6135533044  0.4223018693
-0.7594411582  1.7264391442
 0.2902032141 -0.5505809726
-0.9850281260 -1.3556112767
-1.9663623702 -0.0620259814
 0.1682140579 -1.0568801554
 1.3201834990  1.0361957068
-0.7416397889 -0.1629240244
-0.7193337043  0.7235179327
-0.6642878054 -0.2770691857
 0.6855614790 -0.1663983409
-0.0848550989 -0.2180534323
 2.3008080401 -0.3538673668
-1.8656850474  0.5950566662
-0.0884236747 -2.2311654833
-0.5620255041 -0.2425351251
 1.3753612810  0.3920725323
 0.1336034738  0.5454578301
-0.0546022462  0.9993127308
 0.6240485363 -0.6387423128
-1.4429992409 -0.4483691757
 0.6748002380  0.3125099406
 2.0554805105 -0.6254417192
-0.0971791060  0.8645107547
 0.3704990434  0.6474526792
 0.7202767420  0.5932115719
-0.4609210868  1.0667679890
-0.8259975723 -0.1909549320
-0.3456123456 -0.9385405724
 0.1124293799  1.3420584442
 0.0104345555  1.8840106559
 2.1469920346  0.4848977316
-1.5475814961 -0.8763377466
 0.4157719857 -1.5644769898
 0.4179995001  2.4944147301
 0.3697186601  0.8285110845
 0.5852399582 -1.2378233946
-0.6439615232  0.0008232946
 0.3611622729 -0.7662172956
-1.1169023896  0.9623854708
-1.5296283830  0.0015060950
-0.0132711848 -0.6165645459
-0.4538185824  0.8955062040
-1.1920963214  0.1850144839
-0.0609427013  1.9014488709
-1.8895255765  0.9880282722
-0.1038309361 -0.1909868206
-1.1576661541  2.0929316260
 1.1529299724  1.2308516387
-0.3215335744 -0.8407298787
 0.5513629262 -0.7594468844
 0.7484732572  0.2664048813
 0.0414201347 -0.0176723974
 0.5103505368  0.5703901328
 0.4427974282  0.4211804515
 1.9331890065 -0.8321731720
 0.0550689388 -0.9283310616
 1.0064329012  0.2199596978
-0.6861380395  2.0014863753
-1.6777810663  1.4734437919
-0.3021184290 -0.1920110532
-1.6942610433 -0.9504979289
-0.5844428423 -0.8317615130
-0.8941286599  0.4367253948
-0.0118965164  0.4787510332
 0.4199392057 -1.2688377098
-0.1634698257 -0.8005490441
 0.9826284108  0.2702110508
 0.7700616262  0.0012420954
 1.3335384017 -1.0951084784
-0.2747742727  0.4603539821
-1.3048776367 -1.2178145146
 0.9262224995 -0.8604031371
 0.1657841832 -0.2124300180
 0.8487233502 -1.7118268505
 0.8086242435 -0.2645763749
 1.0408140949  2.4813378784
 1.0720657070 -0.0299452061
-0.6387598971  0.2465416494
-0.9297470977  0.3028285322
 0.4728654436 -0.2890989087
-0.3302532286  0.0720681825
-0.1526219222 -0.7916375848
-0.2729780157 -0.9129596668
 1.1271372873  0.3119962114
-1.1264436797 -1.4583809096
-1.5462677615  0.4284028968
-0.6081385071 -0.9210195357
 0.5123714126  0.0310231978
-0.2918608774  0.2290165655
-0.3985095991 -0.5518785113
-0.5723901293 -0.5874990755
-0.2090050818 -1.2756828536
-1.4803830346 -0.2812952794
-0.0748719268  0.1289271257
 0.0206460345 -0.8446007615
-0.5024466834 -1.0664745413
-2.0935847656  0.7819964236
-1.9116019112 -1.1644353616
-0.7101035790 -0.9950708111
-0.4165741922 -0.9316167247
 0.3331126907  1.0692186049
-0.5134040274 -1.0230955697
-0.9041565636 -0.1483097139
-0.7908713758  1.4376088266
-1.3571278630  0.8358883518
 0.9991088888 -0.6729802585
 1.2182028296  0.7335216764
-1.6381840258 -3.7341417604
 0.7478246843  0.0749682825
 0.4927748321 -0.9390291998
 0.8388212758 -0.5085352199
 0.1340207681  1.2961409601
 0.4369947638  0.7425333470
-0.3467118106  0.1212462115
-1.0346462709  0.0986282042
-1.2347957137  0.4745400718
 0.6818874876 -1.9262154932
 0.7268949409  1.2440876125
 0.8338387109 -0.7986847437
-1.6019831971  0.9114300424
-1.2767817025 -1.0269118100
-1.3540490296  0.3302300323
-1.7132551201 -0.9715122233
 0.9727199768 -1.2577153099
-2.1076891734 -0.0007474634
 1.5144551989  0.5864061306
 0.7847578410 -1.3098552126
 1.0396112697 -0.9701536077
-1.1975024086  2.6759907420
-1.0432599722  1.2212414493
-0.8230214844  0.3847358283
 0.2777377670  0.1825025416
-0.1523428797 -0.8099916387
-0.3741040082 -0.6051553696
 0.8131977675  1.5331550600
-0.2851195431 -1.8456557128
-0.9325992948 -0.0711537658
-2.5344404807  1.0692094355
 2.0334171700  0.7983557133
 0.7353830641 -0.3939954289
-1.4655172939 -0.3912177004
-0.4933958120 -0.9745479103
-1.1382188040  0.2026629465
-1.5351012668 -0.3465473347
-0.5889669616  0.8123535911
-0.0132617819  0.4927091990
-0.4811511269 -1.7719873176
-0.7482632610 -0.2122736119
-0.1664354875 -1.6404158451
 0.9200787862 -0.0343496801
 0.6414854872 -0.6475186345
 1.6764300587 -0.0762235332
 0.0390302202 -0.5661479925
-0.3497845289  0.9751111605
-0.0169045891  0.6127263388
 1.0651431789  0.3918713934
-1.5815284802 -0.3761324829
 0.4218985768 -0.0174656069
-0.6624739988 -0.2686912813
-0.7300380503 -0.2532296084
 0.1096276011  0.3595827014
 0.9693068965 -1.6319059081
 1.6541072909 -0.6290258900
 0.4120149300  0.9634214539
 0.4249614957  0.4600747588
 2.4860863757  0.9499971053
-0.7006898503 -1.0829683248
 1.2297957904 -1.0725470428
-0.9729648898 -0.6506900867
 0.0987637049  1.6657294986
 0.1465211045 -1.8920484651
 1.1061545462  0.5248499340
-1.5896181864 -0.9794759948
 0.4760778994 -2.2906651425
 0.6335739303 -1.7150068949
-0.3381789922  0.5279703389
 0.8399812270  0.8478421508
-0.6049404976 -0.0970097560
-0.5520414201  0.0632869664
 0.8787349786  1.1090671442
 0.6458471588 -0.6716034309
 0.9139560287 -0.6423305935
 1.0466664582 -0.2275754993
 0.2338555581 -0.7224341785
-1.0208509758 -0.6529099233
-2.5389509876  1.9846777425
-0.5125988248  1.3199003129
-1.0039364091 -1.9415483536
 1.2519104425 -0.5767798835
-0.3048914504  0.2132196047
 0.3647722615  0.6364300684
-0.0417186788 -0.4831108184
 0.7773552515  0.7088375453
-1.5320652626  0.3946531588
-0.1037269912 -2.9679618035
-1.6653264494 -1.7143798131
 0.3044916373 -0.5611626018
 0.8927068193  0.4612657016
-0.2240984885  0.8906972253
