0.655754959938293 0.0211245638420295
0.762712166219541 0.052375928779954
0.707546891918859 -0.00574063140557038
0.624871800954588 0.00126441658830513
0.724821810986688 0.0811796766478261
0.694638535484599 0.110462721440599
0.700864309392642 -0.00526618312663744
0.682719514565414 0.0810673277494345
0.788337225603889 0.00697050240225678
0.71554841936911 0.0798903088317956
0.672311097936038 0.123855933649216
0.724933723911303 0.0942346246695744
0.768090711478175 0.0233918281916942
0.723681862338493 0.0496902523828962
0.770390970882029 0.058911423458483
0.816773811501965 0.0416045783176984
0.639766615660562 0.0309807825553211
0.743941271877439 0.0856737759475489
0.695437944501002 0.140443518369322
0.625268682661244 0.158205203261882
0.747584498139874 0.0966378768128234
0.684015016892734 -0.00758245445778928
0.764127361361032 0.0796499181846442
0.601148844430121 0.0743600704308036
0.70411740382236 -0.00570364053775934
0.819028669346595 0.0578695711156953
0.707312990884741 -0.00378743286015487
0.777841578929515 0.063719145236675
0.654121605871472 0.11222483260607
0.799593580350961 0.0541570375211348
0.741648569597452 0.0601093242701958
0.709595856919937 0.125645926550802
0.747554958527087 -0.0127553818377832
0.736391509571317 0.135707100727265
0.752264254630138 0.040854640929371
0.638026012044618 0.0797654019771079
0.715256856575593 0.137514698735195
0.772260030164501 0.0488312906719262
0.669016802881601 0.106789334321124
0.632452346832403 0.0826524754678935
0.651501989426822 0.0812684587006542
0.717252611455078 0.028723546337726
0.701029551541298 0.045080835445977
0.698611854182587 -0.0181578865389404
0.784474515585186 0.126493869814901
0.662889175272586 0.0903567959919365
0.675669909757457 0.130933295944437
0.698543740815746 0.0623757181427071
0.758316972680754 0.117532148719
0.684061274960305 0.0497043263222074
0.0947001387944818 0.100988132703774
0.119926934295613 0.20104481000636
0.265980929356088 0.19677913008733
0.135997307076232 0.177033991686677
0.1461358691713 0.161001694929509
0.119808878037305 0.157005432835811
0.163124039537165 0.104166624153618
0.146172061611587 0.189314724535846
0.18086508735735 0.0920853158557766
0.0773183091048682 0.167819730023494
0.150886878333678 0.193070691558432
0.135924070098512 0.224035981973066
0.170714218744489 0.204411259088478
0.0731718316214117 0.204407112558795
0.179201561405485 0.167803141699163
0.203605213418981 0.201973327547156
0.149772179404528 0.224286133874579
0.0614419181877675 0.214839412905063
0.128786817651788 0.131529973478571
0.22583481712864 0.142855307658435
0.180046178623434 0.165714103870623
0.251325334123191 0.179393025207982
0.149548307972881 0.195004369800726
0.145441979777717 0.208539133063585
0.186340017375098 0.0851669075410598
0.158499493648506 0.168381407612225
0.181551504175101 0.191426979989807
0.178215534291752 0.0998700717036605
0.0976377293681674 0.195416262091873
0.199923583968962 0.213234289059297
0.113691652042111 0.169640990993769
0.233981626774647 0.152352840526171
0.133640759267136 0.183025798392575
0.184834996196355 0.221165709279498
0.126351648993187 0.185044537838988
0.121383463868278 0.203154585629715
0.264192393621493 0.209393929129665
0.0753795462173108 0.229353756310239
0.188232415591041 0.207974928591429
0.0959317897110905 0.182715530633067
0.209434536447743 0.177655019789893
0.200210898775155 0.215432699695421
0.114530895681079 0.232118609368228
0.133475728856166 0.141924166187774
0.106065409789753 0.227235058296064
0.0733489362268814 0.177039131471963
0.247925455483507 0.191133091757746
0.169990186873874 0.252526112508871
0.215488209523547 0.111313692994726
0.0880243392262166 0.102891054576787
0.659352777289502 0.245626047441598
0.524435261097053 0.26321868846476
0.576829480925229 0.216759945030822
0.558812632270723 0.226993567054066
0.54392257578108 0.284088190737684
0.512506540680332 0.174802111792172
0.51037597432774 0.257182630052904
0.499546918729268 0.208547962083968
0.522349805899567 0.28830327123138
0.482780100998828 0.273156013004564
0.539938241577022 0.20650922298384
0.594951101503853 0.26733181064588
0.499203491965904 0.264777601295772
0.514906771150355 0.204595650999305
0.568979572362106 0.216747034178383
0.501709733172546 0.248500898227424
0.564307119351607 0.246474766342011
0.494307765976799 0.311357209453157
0.530328745791052 0.201263651197566
0.521753182035055 0.200368175763779
0.524448968906616 0.244970975888567
0.484888073175851 0.337670788328109
0.557066887399093 0.243078190222068
0.503165375358451 0.210801215721547
0.572346760320524 0.128028785708175
0.563896550420996 0.299198555143128
0.527221313655644 0.184146275260869
0.587072954632471 0.20658416047985
0.567695012756027 0.20141809325384
0.501943243080105 0.235293116767655
0.569291822221619 0.251817050051531
0.537052641427635 0.318234960456175
0.529180118103334 0.166067305857154
0.47578990552138 0.261294451664697
0.516663842517781 0.336689692937977
0.505933752966669 0.213995951421983
0.501347047837367 0.202284964249619
0.472679134841417 0.276471822960533
0.546268982972462 0.24596025258762
0.503251678315873 0.147121777917785
0.519108661415498 0.24209649049729
0.583677146796839 0.241469860167801
0.560010488970418 0.176511192960123
0.484179340088245 0.171014946544925
0.61339121011652 0.191329906348014
0.483518003158272 0.167878637212199
0.52165125018969 0.265232217546657
0.555712583751911 0.267954453248951
0.560094066540334 0.232790064859907
0.539454555506341 0.252415864077732
0.493460123409622 0.227216171000399
0.613095837515057 0.231602389213943
0.603425145861853 0.322818755662697
0.526755183432886 0.390622395851276
0.639213845758645 0.275173039434281
0.591311663728555 0.271849975256969
0.660460646207879 0.28615701349882
0.538534003125577 0.265981302102639
0.610842705185527 0.264014411922067
0.601654466672105 0.215802755413591
0.586521781585603 0.242637546452853
0.582984393287717 0.301299290743615
0.615014894829018 0.316337154842038
0.606808685410106 0.30019652779131
0.565555030693214 0.296287611169056
0.551490912922741 0.257574310952649
0.552627792844891 0.325503051353594
0.523275040771031 0.329625506902503
0.590507794251942 0.222283748958803
0.528404375184535 0.339064217864768
0.533532051721366 0.302728826702126
0.533558743903397 0.297029755434221
0.529388912047264 0.291685652839164
0.602630446538561 0.250753976152131
0.532623399292631 0.268728405219824
0.63153977946208 0.332285082218569
0.547818608018105 0.326266237786498
0.62687880807464 0.293431115393879
0.580089872953109 0.334433172070272
0.663189164931923 0.326892862969585
0.530178558338905 0.268664038433704
0.457744296566402 0.23976945436337
0.59581776958435 0.283395230637278
0.564838569180071 0.25526674512823
0.664764210998282 0.222144517461502
0.583859795547758 0.245350609796224
0.600110995988158 0.287981255706305
0.585744171258045 0.274915278209681
0.557493175647282 0.318642515800763
0.58873587404409 0.300857350816274
0.58489005157624 0.295202673883184
0.598555370237679 0.258502257978014
0.579056883449918 0.311818491765147
0.570639831083846 0.341778290638149
0.589395797183889 0.390569668756279
0.551344785981842 0.301356027621039
0.491598683743043 0.248012961228617
0.606261621397706 0.274419734828587
0.537488401996468 0.29867535132121
0.507320989911216 0.244043672898664
0.388626232200425 0.442721942253473
0.422880122807986 0.470082717642181
0.359550749891082 0.437688094919518
0.325452066683305 0.383264707563898
0.387576090474273 0.433124282457105
0.389757763540405 0.465294876415257
0.333423019358748 0.362044204494135
0.382945090262196 0.430873364550874
0.310029345079105 0.474739285915034
0.327278839450216 0.407281397928363
0.39233293786222 0.388733707456039
0.29500591810894 0.391974213786249
0.346841276165528 0.397758913832902
0.441117919002554 0.428799705642175
0.40625123747592 0.322677139175628
0.391846196299099 0.410545980597943
0.413799862427181 0.475758710237521
0.2736070583876 0.371156779133653
0.333417757530213 0.416565091907722
0.393064355555032 0.474897370153586
0.372018212588026 0.432427497109547
0.411214412945996 0.482195542506412
0.44180193392093 0.50414936890816
0.37448793639585 0.468693331707163
0.440174961392698 0.468207373867559
0.417069500334013 0.455247164491456
0.353109682868472 0.502463242899123
0.361143948788008 0.419955405591524
0.397776929916213 0.501083612336864
0.452294944167034 0.440156568886834
0.319424030777104 0.4372452242286
0.326698831112446 0.45261659356236
0.331495233011645 0.405219549277257
0.275689721294353 0.409463209947351
0.420567664225581 0.471142383888198
0.41028705334567 0.46824520212851
0.295491167950656 0.428988233054681
0.404675162864343 0.358346203603872
0.434703566953185 0.437051377641936
0.451955228694776 0.487736422931723
0.364840313122407 0.37241447084483
0.390328023857418 0.467085143546554
0.397521559562983 0.4229535913738
0.373891098588051 0.415179438584618
0.346886634347935 0.41238429895034
0.337269860079011 0.432629257392222
0.374781420267747 0.375855539816429
0.375416404678226 0.507071993009372
0.377509004552211 0.337979891530344
0.3938402660995 0.405690037032183
0.204833591223862 0.406526992727823
0.307618440971151 0.478261655541226
0.228333623254666 0.405285342351956
0.296712218014163 0.47899867398991
0.274802116179759 0.425903348777223
0.246154582200879 0.497665495583379
0.239121195176304 0.481970127889338
0.289618751891607 0.563468426377662
0.237178825396083 0.493701035313785
0.245580031990125 0.501958513925502
0.26404364495633 0.477955265963292
0.238247507403358 0.461608282892823
0.180229351572166 0.42610526271676
0.273019037836979 0.404912820036785
0.266696193227944 0.469809556912131
0.169904191965377 0.463342363811719
0.244504373667218 0.458927824947482
0.268961524000824 0.473788057301822
0.204661105146666 0.404559481302999
0.236782162043915 0.469923938639348
0.305403198659397 0.502626711009459
0.207606326364248 0.521582451616172
0.208228746201629 0.461008299898147
0.209601647475557 0.411580814718683
0.250152810955376 0.473170994133816
0.242098729917399 0.477454799681
0.269580594265646 0.490877766916092
0.210181027217072 0.430607699187866
0.253764025126421 0.501701165883469
0.286907239820865 0.499699033876596
0.194382884402925 0.406069290106085
0.242768985562191 0.489105692316178
0.200082626173502 0.514849591682351
0.252816920251682 0.592949500311596
0.214334331035299 0.441784211917738
0.253365786240014 0.463307209474254
0.236157789514542 0.506236284948638
0.330472048139633 0.379177233580385
0.243272061070341 0.468541241556644
0.208708773915626 0.444083855958943
0.198530465422029 0.499715719982568
0.201662162843284 0.556482248034644
0.284804188339439 0.518742264054013
0.276299067064828 0.419958838241717
0.27207861005135 0.589832227520194
0.248401656479951 0.557079824718743
0.216395264362033 0.527675920348925
0.202653982600168 0.542749232864933
0.248396614476305 0.493443909302243
0.27440707614985 0.455780203822966
0.76041980762721 0.217420997535484
0.266494875548993 0.466739215691958
0.695508185890855 -0.033367947574774
0.752377383207573 0.146957999732822
0.100046235320409 0.454171425825052
0.541033880227226 0.480460142437298
0.184144162984807 0.531909436436608
0.272025646174639 -0.00829607692209754
0.651577581398469 -0.0406755881300081
0.601953138500325 0.230620022933007
0.567917621019099 0.131459027720177
0.806766148974979 -0.00253469559496068
0.439028414883643 0.0672512404697597
0.394041769027726 0.262215950248316
0.703257800569637 0.209366392828417
0.683446811134124 0.209776879443999
0.150100481875765 0.319388610173258
0.139937028362214 0.104647350112111
0.570432804431349 0.106146517830028
0.214299534554717 0.296440454829379
0.260203965168477 0.495557698923238
0.575889829955128 0.206036046849152
0.315652462743806 0.130731704940171
0.0268876725812016 0.495418546982945
0.710361663128693 0.257333919737305
0.262685849209181 0.462010150664358
0.709094101174718 0.530112377585976
0.322728605450733 0.177229970833183
0.738099782149295 0.589175421310174
0.827308304958433 0.259001983895331
0.105505902904444 0.370105928824079
0.149276298899208 0.229761444198226
0.255977609795276 0.0973258833073947
0.334157519093789 0.076782218775983
0.536871683979429 0.0500012297035097
0.604572364363009 0.145129262348293
0.412063565214424 -0.0299337405613099
0.360193114398815 0.0125581046322935
0.534462872176726 0.0693464149322015
0.484572899500241 0.223517491327531
0.649427875468877 0.310769462345458
0.0684087101464922 0.457940664045444
0.379138752673907 0.584404515951797
0.534514587404459 0.281075949246122
0.767255932208734 0.197753044309718
0.736306834086742 0.385480247171381
0.443547768632943 0.308831936994909
0.696033696070863 0.398749233337947
0.839948646012307 0.129508241161169
0.741679544711875 0.145629693705964
0.416014951073754 0.20744686392461
0.0854402728060034 0.231414815407258
0.33585673721977 0.315286097047793
0.363725451532512 0.104274611593786
0.205454443244698 0.418767236849643
0.779316013161041 -0.0271511089865665
0.372336509899559 0.444178123017109
0.819298306548601 0.268479366288006
0.19845893257633 0.527081388677335
0.733095789449191 -0.0449730688012806
0.232912941628572 0.564829965638394
0.791749212684744 0.178880622095995
0.143649328965495 0.431357393368129
0.620598969639292 0.142258997805348
0.70042198255097 0.364115073074754
0.20753287344392 0.49097380049525
0.44221058529915 -0.0184010755709699
0.173587632124045 0.352469305445071
0.0439945215119838 0.532030849508549
0.312885219665516 0.201746528048249
0.268474296747333 -0.0340411611668779
0.369432202507016 0.434862916966726
0.0364979915470552 0.476008628477441
0.772525966724912 0.563666499741055
0.42563593726552 0.544380970420282
0.024971925307299 0.399569524347177
0.644629308690554 0.486043309951605
0.596144490266516 0.492279816579317
0.828066363113644 0.519539796353758
0.706441219089275 0.50528016197661
0.369254190926052 0.519280999565399
0.744604470520185 0.385948920619597
0.559261243714904 0.0879301640880496
0.220017532079254 0.530629510909957
0.51487109751052 0.303196212822126
0.197790770394939 0.284797708020063
0.640021080125862 0.0533442655754651
0.447811963653033 0.614560479675279
0.526971387523978 0.251166808523878
0.308773340022064 0.00160108702665685
0.0557516528983358 0.241470924203286
0.241970472202128 0.378794394102424
0.708144779326356 0.57037214838376
0.855013585888729 0.0296130058865713
0.431776646539906 0.385434964357198
0.232625832561526 0.330599730742306
0.580797442490692 0.504115548741672
0.733288416955722 0.362196930733299
0.414643031434568 0.584552854436323
0.509070543673446 0.276462508522059
0.675967492093442 0.142981157095549
0.448279690578943 -0.00477563573854144
0.516993349233083 0.542441726730101
0.645088959110907 -0.00894006038682048
0.037549443628974 0.0763300770915476
0.413225683372004 0.0241040662834176
0.536168678340047 0.524446652433068
0.716167833823295 0.447469646662327
0.496783221230421 0.331926305880037
0.373551110855301 0.476031630290348
0.674489721439094 0.543031745326116
0.770763587295636 0.0888531367926662
0.697717825710816 0.186208562557817
0.3106444715599 0.18306384510376
0.802432345215577 0.524687667371054
0.489409259447283 0.480410340079284
0.0492956357268272 0.0508904601097416
0.380549179962115 0.0604769613045035
0.148640664824018 0.122104655165841
0.563622722792959 0.511610980884482
0.773181923622496 0.484016388585646
0.648737697998552 0.374179101386605
0.758825542068106 0.519569470262664
0.413850519148956 0.214643878326513
0.0767722339542348 0.360862333644491
0.659146944598597 0.350240403404773
0.444235229366791 0.00336030365881787
0.0243762395098944 0.47627060970021
0.711839051456347 0.375942353622689
0.465600688353103 -0.0324698368319922
0.103292443123522 0.312922651555581
0.0884006972394625 0.145432814715167
0.134550251381829 -0.00920138229048485
0.563129883654106 0.0292729365279215
0.410868928868578 0.240246328930422
0.352948080138882 0.20524433731527
0.544917979116521 0.0855615171438098
0.857169209519897 0.400500879016515
0.32324706942367 0.237161592729947
0.193449796162566 -0.0105822603489507
0.853786394599915 0.46499413653676
0.0582170622756592 0.0241084529594692
0.670070283306672 0.521974133944427
0.335256786515587 0.187814479576257
0.847456894309852 0.348505524479284
0.767171226037804 0.0526571855754945
0.355601666008814 0.0397012202130713
0.33759758344957 0.41261010373986
0.569338372683798 0.569089849276959
0.58590873869735 0.0451887883396151
0.120753862335901 0.179008311327361
0.642104910738254 0.231781278550502
0.681945439099024 0.173399153494731
0.1200934474235 0.252743503258372
0.572650141347214 -0.0198498630266181
0.747129631959058 0.580317335015239
0.508794427179494 0.465634296954635
0.380294117689689 0.624069954735193
0.0952555628298861 0.376758720875372
0.692525793813447 0.55837937450508
0.141725513742685 0.426147474665996
0.0367256116695495 0.14861231748753
0.722923292723066 0.00953260832396987
0.456633835325586 0.371503400138852
0.0681353164175666 0.274312926350597
0.784107225303942 0.260981275377766
0.819079178901552 0.363157070650412
0.725419730070213 -0.0371062014052231
0.17883777904018 0.0688403268895635
0.190641192959188 0.26236154651127
0.297282862057815 0.0373533480169441
0.503793956318875 0.00485277198558452
0.0639513539960425 0.0281706305955021
0.171072892101857 0.0746902419249215
0.145624815660441 0.0930964138410844
0.0929791506057249 0.299924241604187
0.211326246753253 0.558947920287311
0.657685846771872 0.0958273145141365
0.556407414530716 0.132805481572062
0.357661774475002 0.112054373727915
0.847072674845949 0.164484457681841
0.522963883262446 0.232700188356043
0.132897437331832 0.504649343402972
0.569602055975893 0.174529339542584
0.167125858077093 0.0507214835097318
0.51631491751555 0.157962794207946
0.0555537183239117 0.572529196406793
0.212848515295256 0.253468361003781
0.822330171816889 0.501758417214239
0.535895477524692 0.278672654086812
0.293163010144364 0.195801441092309
0.367943354685418 0.288058300767562
0.566197817148197 0.514007012239094
0.0403521812485558 -0.0229987829928847
0.0686131468028148 0.199489366584025
0.659381400901291 0.104146329398771
0.573963341751438 0.17579458278731
0.681290022437227 0.280688924696184
0.0881948757670729 0.230814466223652
0.421949764588468 0.326385460126517
0.327149795168371 0.163322376621299
0.065122991038168 0.340787411897257
0.764742604811727 0.311335464031272
0.25458353290455 0.170757360512437
0.205860636770038 0.429234036818025
0.660493202454527 -0.0355961805701084
0.156727741928894 0.246241486646706
0.662336701068023 0.222818475502663
0.1461262102828 0.605350245132553
0.756686918167498 0.258665988259696
0.217091997581955 0.530282654941164
0.776989732584331 0.0903897780876323
0.799342186600151 0.542848236881256
0.355930147646985 0.145666385292592
0.265619587200508 0.316967327038116
0.299029166458175 0.37755602748412
0.607978173141571 0.151676836608086
0.373801000827075 0.263657357502699
0.858690664207774 0.0399962273149171
0.627212804113595 0.125633139477748
0.203658855261051 -0.0123690610853268
0.0591120875104606 0.620336865022024
0.708489635670675 0.617211670503932
0.778963346539671 0.594833889560606
0.22018030543281 0.0419379680409075
0.533924510102402 0.548892085697753
0.8532714649125 0.559377588649457
0.428911512853825 0.287940421005997
0.313576776312298 0.500240894918361
0.698912600518821 0.421539545523362
0.18419864026037 0.506775357308687
0.774700044328255 0.217318727934147
0.822453882311498 0.398427065834218
0.617976549034528 0.612649463407812
0.763765156670346 0.323308072910438
0.791762040853801 0.336176711355473
0.28728516311258 0.0790443816846555
0.421725384130467 0.528268805913762
0.776299166175355 0.34980338135217
0.838785650603599 0.34925516135986
0.573420093635312 0.182894560884248
0.132394922955097 0.496131755031949
0.121619584543796 0.310588377992467
0.262154459443585 0.447367625227257
0.663809111175413 0.581664325514914
0.051742758764534 0.160467855576967
0.611072221921384 -0.0476039349380926
0.430647955714688 0.525651635982288
0.709582764084806 0.507112298391917
0.376044699810237 0.0717486212659333
0.663819102620419 -0.00456168268890117
0.225062456099584 -0.0100689020699986
0.293111188541909 0.188025894176753
0.494657257088434 0.130021318802034
0.570674306746645 0.246855626784338
0.374197258914575 0.549410194588118
0.114062217378482 0.601413322282683
0.271207842569836 0.307424687427203
0.114500258367383 -0.0126411281805298
0.533292480905099 0.423240764035922
0.494999208838906 0.46665460495594
0.476601359927631 0.266104706253135
0.0403667707262944 0.580103359376508
0.769395079815236 0.236253127398665
0.344372335067717 0.573260838566183
0.639841437530665 -0.0418070204996042
0.508638252559092 0.566185961498964
0.213957913596567 0.397549287156105
0.176675999288044 0.60815824660995
0.243611732440557 0.246113157391085
0.0525576367728039 0.465980851735542
0.324391772658681 0.478565890413011
0.209130704792575 0.0694596728715474
0.234831092348869 0.469444440097804
0.103424386282557 0.047395865239051
0.478449785615958 0.414413866687703
0.59885571684453 0.341623666335003
0.66412768460145 0.471964102647637
0.561498941374681 0.0879577530551941
0.221091552520868 0.431079943010086
0.590630691756786 0.511107714125236
0.29142050431334 0.276795696835615
0.0267488230385401 0.202091332331443
0.477955437395139 0.179408473159494
0.747369851360213 0.149354859824724
0.215688888368935 0.613795335540338
0.753281024405841 0.13599310245601
0.637999181770629 0.243875464586259
0.036623117194946 0.48643138646298
0.108180649565093 0.350365292059414
0.168925471964716 0.0209611092098013
0.319813185886462 -0.0321242594998934
0.105102893425371 0.369216199261675
0.518539546058775 -0.017794825771584
0.151784402072254 0.0609264492413076
0.430628230691001 0.327402584320886
0.801283969232884 0.164209665306884
0.45563311542896 0.600406861080659
0.742590003615757 0.539721963420313
0.523421985706967 0.255510478396625
