 0.891940552  0.028733073
 1.037420915  0.071240353
 0.962386568 -0.007808255
 0.849934096  0.001719826
 0.985883456  0.110418449
 0.944828963  0.150248472
 0.953297096 -0.007162923
 0.928617026  0.110265635
 1.072275443  0.009481093
 0.973270034  0.108664685
 0.914459773  0.168465565
 0.986035677  0.128175444
 1.044736670  0.031816946
 0.984332928  0.067587367
 1.047865422  0.080129760
 1.110954135  0.056589447
 0.870193629  0.042139241
 1.011889241  0.116531204
 0.945916298  0.191027559
 0.850473924  0.215186533
 1.016844661  0.131444284
 0.930379134 -0.010313454
 1.039345826  0.108337712
 0.817666758  0.101142601
 0.957721869 -0.007757941
 1.114021133  0.078712660
 0.962068422 -0.005151566
 1.057999542  0.086669096
 0.889718907  0.152645249
 1.087586039  0.073662970
 1.008770768  0.081759113
 0.965173516  0.170900266
 1.016804482 -0.017349533
 1.001620254  0.184585209
 1.023209942  0.055569402
 0.867826106  0.108494790
 0.972873458  0.187043856
 1.050407667  0.066419030
 0.909978960  0.145252028
 0.860244954  0.112421711
 0.886155774  0.110539208
 0.975588031  0.039069008
 0.953521854  0.061317760
 0.950233366 -0.024697877
 1.067021487  0.172053616
 0.901644323  0.122900924
 0.919028340  0.178092006
 0.950140720  0.084841802
 1.031442689  0.159864120
 0.930442053  0.067606510
 0.128808624  0.137361387
 0.163121444  0.273455833
 0.361780225  0.267653768
 0.184979940  0.240796953
 0.198770144  0.218990247
 0.162960867  0.213554637
 0.221877004  0.141684687
 0.198819372  0.257500881
 0.246007908  0.125252011
 0.105166319  0.228263958
 0.205232341  0.262609648
 0.184880325  0.304727817
 0.232200965  0.278034788
 0.099526390  0.278029148
 0.243745224  0.228241395
 0.276938426  0.274718778
 0.203716157  0.305068067
 0.083571672  0.292218887
 0.175172423  0.178903591
 0.307174545  0.194308011
 0.244894050  0.225399941
 0.341846072  0.244005648
 0.203411653  0.265239786
 0.197826334  0.283649413
 0.253454763  0.115841775
 0.215586819  0.229027937
 0.246941554  0.260373915
 0.242404056  0.135840630
 0.132804257  0.265800031
 0.271930771  0.290035640
 0.154640378  0.230741189
 0.318255620  0.207226304
 0.181774626  0.248946850
 0.251407673  0.300823748
 0.171860171  0.251692686
 0.165102577  0.276325494
 0.359347506  0.284812084
 0.102529265  0.311960913
 0.256028753  0.282881997
 0.130483883  0.248524832
 0.284867317  0.241641659
 0.272321569  0.293025860
 0.155781895  0.315721593
 0.181550156  0.193041497
 0.144267365  0.309079116
 0.099767283  0.240803944
 0.337221647  0.259974176
 0.231216156  0.343479339
 0.293101363  0.151405941
 0.119728378  0.139949691
 0.896834208  0.334094053
 0.713322971  0.358023098
 0.784588203  0.294831144
 0.760082162  0.308750646
 0.739829101  0.386409243
 0.697097841  0.237761209
 0.694199901  0.349813011
 0.679470506  0.283661422
 0.710486390  0.392142484
 0.656664724  0.371539584
 0.734409715  0.280888383
 0.809236752  0.363617658
 0.679003386  0.360143490
 0.700362571  0.278285593
 0.773910965  0.294813583
 0.682412309  0.338004349
 0.767555618  0.335248458
 0.672344349  0.423499841
 0.721339133  0.273753495
 0.709674878  0.272535493
 0.713341616  0.333203042
 0.659531932  0.459290875
 0.757707646  0.330628525
 0.684392235  0.286726238
 0.778490925  0.174141368
 0.766997173  0.406961961
 0.717112486  0.250470893
 0.798521105  0.280990311
 0.772163741  0.273963563
 0.682729923  0.320039474
 0.774335679  0.342514891
 0.730484798  0.432854776
 0.719776800  0.225880357
 0.647156845  0.355405802
 0.702752493  0.457956415
 0.688157709  0.291071633
 0.681918994  0.275142658
 0.642925657  0.376049661
 0.743020622  0.334548630
 0.684509622  0.200111151
 0.706077871  0.329293243
 0.793902217  0.328440917
 0.761711455  0.240085856
 0.658567932  0.232610007
 0.834318500  0.260241878
 0.657668399  0.228344082
 0.709536233  0.360761847
 0.755865558  0.364464560
 0.761825135  0.316634889
 0.733751818  0.343329382
 0.671191408  0.309053426
 0.833916742  0.315019444
 0.820762923  0.439089533
 0.716478468  0.531314251
 0.869441766  0.374283090
 0.804286485  0.369763146
 0.898341102  0.389223201
 0.732499707  0.361780732
 0.830852091  0.359105420
 0.818354492  0.293529200
 0.797771414  0.330029173
 0.792959952  0.409819326
 0.836526993  0.430273431
 0.825365124  0.408319377
 0.769252994  0.403002572
 0.750123353  0.350345765
 0.751669707  0.442740641
 0.711744870  0.448347896
 0.803193083  0.302344476
 0.718721655  0.461186181
 0.725696185  0.411763743
 0.725732491  0.404012017
 0.720060796  0.396743110
 0.819681994  0.341068926
 0.724460260  0.365517269
 0.859003704  0.451965380
 0.745128381  0.443778707
 0.852663974  0.399117242
 0.789022902  0.454887155
 0.902052361  0.444631026
 0.721134852  0.365429719
 0.622611685  0.326128070
 0.810415571  0.385466697
 0.768278482  0.347207075
 0.904194697  0.302155097
 0.794150651  0.333719410
 0.816255104  0.391704487
 0.796713729  0.373932490
 0.758287472  0.433409122
 0.800782964  0.409218211
 0.795551978  0.401526869
 0.814139183  0.351607934
 0.787617857  0.424127265
 0.776169205  0.464877791
 0.801680574  0.531242533
 0.749924595  0.409896498
 0.668659527  0.337340670
 0.824621022  0.373258465
 0.731077508  0.406250313
 0.690044592  0.331941749
 0.528599122  0.602178676
 0.575190358  0.639394079
 0.489051420  0.595331770
 0.442671293  0.521306518
 0.527170747  0.589124193
 0.530138201  0.632881784
 0.453513172  0.492442951
 0.520871783  0.586062554
 0.421693715  0.645727820
 0.445156021  0.553973385
 0.533640885  0.528745307
 0.401259247  0.533152958
 0.471764330  0.541021154
 0.599996926  0.583242018
 0.552572188  0.438896910
 0.532978832  0.558413784
 0.562839628  0.647114414
 0.372153084  0.504837634
 0.453506015  0.566600820
 0.534635740  0.645942842
 0.506009333  0.588176444
 0.559322968  0.655869623
 0.600927305  0.685730637
 0.509368586  0.637504273
 0.598714340  0.636843286
 0.567286903  0.619215152
 0.480290451  0.683437213
 0.491218447  0.571212235
 0.541045659  0.681560676
 0.615199620  0.598689323
 0.434472118  0.594729389
 0.444367109  0.615637119
 0.450891048  0.551168913
 0.374985867  0.556941028
 0.572045013  0.640835409
 0.558061598  0.636894739
 0.401919271  0.583498448
 0.550428453  0.487413028
 0.591272294  0.594465724
 0.614737548  0.663406182
 0.496246144  0.506548313
 0.530913854  0.635316858
 0.540698311  0.575290288
 0.508556783  0.564716091
 0.471826025  0.560914216
 0.458745543  0.588450873
 0.509767775  0.511228764
 0.510631464  0.689705913
 0.513477763  0.459711309
 0.535691113  0.551808858
 0.278609233  0.552947263
 0.418414467  0.650518854
 0.310573355  0.551258403
 0.403580111  0.651521327
 0.373778570  0.579302470
 0.334812952  0.676911444
 0.325246325  0.655563020
 0.393931766  0.766414850
 0.322604365  0.671519090
 0.334031464  0.682750694
 0.359145182  0.650102111
 0.324057958  0.627867377
 0.245143197  0.579577108
 0.371353274  0.550751708
 0.362753108  0.639022533
 0.231099188  0.630226028
 0.332568382  0.624221489
 0.365834351  0.644433984
 0.278374622  0.550271106
 0.322064834  0.639178112
 0.415401353  0.683659558
 0.282380634  0.709442655
 0.283227233  0.627051296
 0.285094617  0.559821338
 0.340251237  0.643594671
 0.329296289  0.649421390
 0.366676394  0.667678955
 0.285882674  0.585701203
 0.345163115  0.682400656
 0.390243639  0.679677409
 0.264394458  0.552324708
 0.330207953  0.665268626
 0.272147096  0.700284797
 0.343874888  0.806514227
 0.291531888  0.600903200
 0.344621441  0.630178212
 0.321215579  0.688569205
 0.449499339  0.515746844
 0.330892223  0.637297404
 0.283880154  0.604031115
 0.270035888  0.679700105
 0.274295540  0.756912435
 0.387383124  0.705579507
 0.375814683  0.571216904
 0.370074129  0.802274195
 0.337869363  0.757725243
 0.294335115  0.717730830
 0.275644587  0.738233151
 0.337862505  0.671169354
 0.373241247  0.619940178
