0.387410029251316 0.696425563436472
0.397344371532289 0.631812913889199
0.432795317290816 0.608154220501649
0.346922143450169 0.649565241974755
0.456672383355403 0.61574283261355
0.412789168376322 0.625393219952777
0.410240939256736 0.698321159885633
0.443775733514056 0.627820406113081
0.393236239187813 0.721623105010904
0.431561310876492 0.668891041778433
0.394869148310051 0.625943667412627
0.421984666500011 0.666153488835125
0.431846666441167 0.63711380546166
0.429708569515547 0.66446395679929
0.460012106809724 0.734946615715624
0.419284721110126 0.643892698584928
0.440548187704999 0.639755264414108
0.465107802156406 0.644935586523928
0.397215926794061 0.717704973954574
0.385499505406679 0.587852526904571
0.379355614322996 0.599542075536484
0.407855510864462 0.626187471163755
0.416461308987949 0.648495203804632
0.396580234045392 0.682311332547467
0.397830353252375 0.719136457606093
0.389433087022605 0.655944922465036
0.382358369092168 0.602273990227492
0.387837007992175 0.653183269536094
0.401454899835987 0.617188684073607
0.417013245809958 0.674525384916245
0.482418109539307 0.634189848480206
0.39118604376783 0.630685765401944
0.431753214760228 0.633911128490824
0.373880058780131 0.626042585827501
0.365293794545307 0.70972435165648
0.367151007303895 0.642263296648993
0.481749013754933 0.649453787487995
0.463728964046707 0.596453650987099
0.419509742607117 0.686397207900924
0.445999943916041 0.608465710431927
0.373301870377266 0.609924582718471
0.392444175994876 0.597687794483666
0.38073992976236 0.671829406302409
0.375460092565675 0.579593168061268
0.364055745198133 0.589604741286531
0.419702959699018 0.631079994068898
0.445990862714046 0.633137772057455
0.401339062690816 0.614286915210933
0.338609358954497 0.668961514634313
0.41370124541836 0.599371286953966
0.523980800926399 0.507072745164012
0.503684346917317 0.554391254424154
0.604285017872956 0.516541148870788
0.530062737458093 0.543366403686844
0.562691560462217 0.401628405560763
0.535939992319097 0.549931551155487
0.538202242050463 0.540364641605034
0.567798191925703 0.514543430785427
0.588520430007198 0.452696928080661
0.65036263813055 0.451274179283245
0.602421347017536 0.450057984289388
0.602143805803007 0.580195994183014
0.607470442348031 0.456969973013686
0.592985266244338 0.473349321765453
0.572366718629171 0.561034746713099
0.569721090919591 0.451019322862294
0.569321680278918 0.49372962971169
0.640828391239237 0.491502511444324
0.55578894829586 0.626034476783643
0.447042668283475 0.481580755564949
0.480365064530453 0.510388214332395
0.63998010247254 0.477034280560251
0.581151977277138 0.39600942291885
0.561772292893579 0.481748090602043
0.544120478542346 0.505284311269129
0.599084245343912 0.47632010259787
0.57736648156986 0.447863279019298
0.578181591135627 0.559777446913013
0.558375337933475 0.547974139885513
0.54300779521189 0.45647608489306
0.494221764901398 0.516686038842673
0.468769254326394 0.467303903413793
0.550903183479126 0.519565822229884
0.573751743982378 0.499635002988555
0.552785637250915 0.532581356150726
0.52386690147517 0.538365022248548
0.604820735282782 0.477928222349855
0.543769330122849 0.482386302485285
0.537923494247292 0.46105234978987
0.628672425238623 0.513788350660134
0.517103580762382 0.493790671044285
0.515797343925629 0.513177252585197
0.536872147605377 0.459466078431104
0.541619052082266 0.447942047006527
0.579254600083271 0.477632478997352
0.534195221436767 0.574392074349189
0.604753097446645 0.527500920640518
0.556671809601851 0.43848744291232
0.579392022715136 0.461324037526354
0.606079391998415 0.42929645658249
0.206398809897337 0.468707507715587
0.218538856477346 0.435264627434033
0.099281546401244 0.450574093640448
0.15689888174905 0.535748914902224
0.138268561094982 0.508802480044644
0.18012607334392 0.543457022334738
0.118802941375752 0.551574299736576
0.160303798737272 0.487228834740957
0.101645005873882 0.49501825247343
0.16520090826861 0.530524541711276
0.166799560074491 0.451258607534998
0.138272369597329 0.532906951645249
0.150735321018925 0.558714876745143
0.167194448987809 0.492307903402123
0.151709198312649 0.520034907073363
0.197543469110996 0.494597906658931
0.133988536887706 0.485255062340926
0.18267530442213 0.504690292184889
0.133976624639366 0.45832963152941
0.196841021945096 0.509634032857369
0.150615659477814 0.52482380904665
0.126358022640967 0.554693782354389
0.128947453252809 0.474490079804389
0.11772968210401 0.55785699420806
0.171092470012711 0.537777908930691
0.182526188741069 0.464936418226364
0.13639886855432 0.537150921235636
0.223048760985598 0.52714969209082
0.152622357443512 0.574807534208148
0.203861127501515 0.496005551244644
0.12748073218 0.468285509629596
0.0840714224388645 0.422970740802291
0.179384898788487 0.512901810649477
0.153144803702753 0.573512314942866
0.17821070393996 0.504085915113309
0.139601640224484 0.509932503947859
0.145824611207169 0.553977941524787
0.151532997961539 0.571245089192264
0.120767426619305 0.461702452729994
0.191283913062738 0.553443231371449
0.17879380743662 0.524564499108349
0.0664516654657523 0.483380191799943
0.0888883474664517 0.49875983947969
0.0249463539246495 0.47364531014419
0.151156533696503 0.558722030186691
0.187757075656426 0.551721283689406
0.130749122537692 0.496307122910335
0.110867170798558 0.561876283351484
0.101933783196794 0.516748072200397
0.0935064800619799 0.460510876250259
0.106229505638833 0.0778747580023797
0.0987639536481226 0.134162318101436
0.0572233781964076 0.144149442344241
0.158070840236522 0.0441685241874413
0.12021925657896 0.152859581246924
0.049840645072574 0.116424538614044
0.123850473173984 0.0940712708277444
0.120323600007087 0.122139745044497
0.0747586382040614 0.051206639834246
0.102962827815842 0.0628943143465903
0.141705597711233 0.0578436276700448
0.106342254791231 0.153531085572949
0.144380133880718 0.124944592787215
0.0593357619366518 0.174420626242118
0.105752724984927 0.200190907365771
0.119861771913514 0.0398046983594222
0.0165949261430448 0.145710425671257
0.0889660737610726 0.0818474815657358
0.166309813559442 0.0755932617915003
0.0969242596029873 0.142358178727479
0.17517821623072 0.131638073738931
0.0684938915730542 0.110548236044184
0.182874269697018 0.0400173731831839
0.141561152759967 0.0839583428321678
0.0432952785055269 0.0746964896177847
0.0877885359600432 0.0837179244164589
0.0529988345506945 0.147777718624465
0.131863772038113 0.114692657436054
0.130924578538839 0.125957092837647
0.0867460235071898 0.149330960446973
0.114313606488674 0.0931860685278749
0.0963661759336863 0.0529964319691414
0.0428109166075139 0.127083738690007
0.0961436722468014 0.0839159215066091
0.0323921541520183 0.0888423308775932
0.0413482662813442 0.0178770888212538
0.12263905023158 -0.000690699151360357
0.0395320166111101 0.11625195008206
0.0362684757861398 0.0863913983641108
0.0377492838806678 0.179097698904732
0.104917224600912 0.154563593008684
0.0322575963403847 0.0880600713829229
0.157655238659688 0.0436657250587174
0.114535293642192 0.0724466044399413
0.0442420307329838 0.0613077290893528
0.095398695811353 0.119646612391299
0.0650227744566753 0.0711945435656174
0.0898105242249355 0.0384072932213323
0.0675349867066555 0.1207817374758
0.141569533981614 0.0986864048319627
0.53601947022017 0.101922213322948
0.556359293210325 0.0710829168982613
0.484400212831273 0.118504324593988
0.493994193807114 0.174843450794972
0.507113866526067 0.175643694552938
0.533157394945068 0.153569030203001
0.569618123611768 0.0683563206009834
0.49481763956268 0.0477826637784668
0.501422487903459 0.135560184815971
0.506930010098514 0.127046740391002
0.581408686626201 0.0731942735150245
0.555413505194208 0.110952906139845
0.375263502720784 0.00666209176675638
0.547364652361385 0.0549748744367339
0.477638662267462 0.141073490292367
0.491736320774063 0.159233261243419
0.510090666394795 0.108062563446442
0.504447245366153 0.11939292613617
0.519730412310931 0.0998805362068552
0.515971625125322 0.149401192250019
0.556202081730067 0.119971583400044
0.558639245755934 0.135159567586657
0.543208649175474 0.186240531479112
0.576189954336485 0.118084972791317
0.546816504836964 0.123252887302467
0.513443170947235 0.131393533584637
0.547452640619553 0.169993188954986
0.548708309339604 0.0807811426295037
0.536457371833172 0.0990783136964966
0.543861334824544 0.0761983467902247
0.490303250412124 0.0638615726208474
0.495480448768586 0.0049540317742808
0.521132849095834 0.153636906443041
0.468192703625895 0.11063871032527
0.55752884381838 0.148917238949806
0.51046931205554 0.0436973566209784
0.468777640845906 0.147609099517462
0.523085494936685 0.136399957927709
0.497955638216939 0.105163925621691
0.536684413141006 0.0182428282218315
0.535325609568166 0.145063463040319
0.542823012982514 0.0866485096886423
0.51674199356311 0.0889436942569368
0.475533228663216 0.113131517159801
0.581549192615207 0.115402847430929
0.517298169338956 0.0355548633707947
0.44661965764313 0.0518963151732908
0.546908137363677 0.051536250447831
0.520407535022264 0.150090289459599
0.460717911497255 0.111896635273368
0.220873833968172 0.133730156062392
0.223984458556532 0.118195354460515
0.303794383420294 0.203113832588113
0.289614694104162 0.211469798652899
0.178263748808318 0.125488906644434
0.211578120115037 0.256575267396132
0.206650275685005 0.170879150836179
0.218958026828157 0.198894433168834
0.230324874586266 0.197635293685298
0.210431030465785 0.134457948874318
0.22480148594925 0.13925760749925
0.189527145828468 0.192051688195851
0.279338832934663 0.0978101751278657
0.195341839531998 0.161975141879795
0.281502968202092 0.156573068379849
0.141197877528617 0.131690137840122
0.184976661002573 0.227372750183704
0.187131148196506 0.189681767977449
0.251726941925623 0.182215772952819
0.240525425949592 0.110666275114291
0.187400814797681 0.205412293885603
0.219117607778314 0.183316731446893
0.257238653407036 0.0861476952724087
0.185489846594659 0.155611145717381
0.201185110578901 0.193078896442615
0.163295964399764 0.223855046295799
0.272587534400903 0.163893333721069
0.163689651360072 0.176289561850389
0.224655594018741 0.178302741753309
0.213518153064967 0.200176170031183
0.21462295515974 0.155398698701793
0.14399556388299 0.199640028792196
0.22701872502378 0.142087977041988
0.210571878167052 0.145182104742513
0.183873168804799 0.256044169724154
0.187866608342837 0.152609622701707
0.276695847535005 0.174770364767424
0.203933110248779 0.100316987529449
0.224556666332604 0.182386542992812
0.119565634532338 0.177403988840501
0.202329599638914 0.105164115020347
0.228173587964727 0.170731408626491
0.216185723204861 0.214896177290231
0.262048094538777 0.235732490314717
0.310269051972219 0.172545142473318
0.215804122660188 0.11574132998086
0.237294779565334 0.205545451074308
0.272336939449712 0.114951285936533
0.187421406272546 0.1429822254455
0.282551095729088 0.157392267234781
0.36128189539581 0.485754378511342
0.491311835866844 0.578260411735034
0.0454277965216234 0.75551652932213
0.134882145658617 0.00335325608202037
0.165595534715222 0.0950863491376152
0.425303618024453 0.122250271493829
0.390547057479776 0.469300806543937
0.643102157389412 0.684643717825235
0.17570397776561 0.255141182378404
0.568368939500163 0.666554979802665
0.581652353583945 0.610467624399254
0.060204270448163 0.0892456647181395
0.00996118697748171 0.268539375379428
0.265665774213034 0.63554347884172
0.0910605608212014 0.237948249826376
0.320692855339532 0.103519489380392
0.00357378657429514 0.112242774030695
0.204011934157793 -0.0175901727363801
0.425828169437622 0.525352919860555
0.193708542144295 0.533131503805515
0.252233832822853 -0.0350435737095331
0.547422695095228 0.618692834460483
0.281296162041689 0.213542383277743
0.19938252433131 0.480963444839463
0.425336857600462 0.376470541174269
0.59129842915061 0.428606098993519
0.552974331441433 0.133814537519126
0.301803787629519 0.268159428222707
0.517775824185062 0.0461864085692144
0.479527098017339 0.306556902130438
0.268588517647072 0.666110238637344
0.177575188502681 0.271992197253906
0.473900517341803 0.270508156036268
0.150318480270526 0.0312915571513434
0.639703630123828 0.428544078404531
0.507807161004416 0.629062072554031
0.332637326923425 -0.00775803613855859
0.117986545700202 0.653006597075022
0.285072185880505 0.585210962901306
0.515264748600125 0.254810673357101
0.00217294142818941 0.0153533274117103
0.626250291523247 0.148067583722402
0.334284059326892 -0.0177777472605119
0.374568221224673 0.641933612677424
0.0984015733561591 0.219211420083301
0.437836584557329 0.0415627972456287
0.173663967970031 0.407506556694621
0.0817021011799874 0.0227727532336857
0.65206776018053 0.0717224669307912
0.623781061251904 0.502033442014615
0.400948988263371 0.282472259586269
0.537943917650648 0.144487874926532
0.436014976791925 0.464570850903023
0.33791146003755 0.112080783060892
0.641673246716942 0.231075163874722
-0.000137930126613519 0.733361875438885
0.654416059324172 0.0416860587238996
0.455874120406319 0.275977302310307
0.427815320761993 0.317953255886908
0.540949901561095 0.332418524302396
0.480894663566802 0.3186730533546
0.169697715325205 0.209884950563307
0.674103064272112 0.0395838315843503
0.170397746314259 0.188895391432144
0.453902160816633 0.335376777120698
0.225542966885277 0.170346258767115
0.0724882525171276 0.612663693657436
0.116460993821308 0.304025765562943
0.00511048826662353 0.0957993205978087
0.265622576006821 0.439518379331823
0.0664427853114803 0.651841708530758
0.613988636737687 0.527472231846524
0.159247276280674 0.556342944806042
0.277668989090731 0.201766381290353
0.303109009980432 0.555390271487095
0.529179454168604 0.667628829106168
0.371950758595744 0.472380616793491
0.0438470314615927 0.363463572744865
0.577463577109114 0.293683185306026
0.155279622100265 0.54069973160571
0.43299055215467 0.0128599584102688
0.0194312085257608 0.0617118470809692
0.463383561564902 0.192472329452092
0.496723327277043 0.661728305141928
0.274303168280773 0.25263629330909
0.510538466391122 0.113144255881269
0.194495540734565 0.582784754577492
0.614175005179465 0.469252613208824
0.290697836320351 0.192549755955536
0.357591650903318 0.219042839716252
0.0819470580389732 0.00515277750999471
0.644086200006663 0.750571968937838
0.487263497324604 0.419709349947787
0.59741401998885 0.445996830162962
0.0553881167017672 0.128066144316447
0.179117937052363 0.433852165987151
0.158130981739827 0.417838617897989
0.0668467971809466 0.695764962405535
0.587869679962359 0.133413883283057
0.378442185964373 0.275805347084179
-0.000483205697752394 0.0187109728594609
0.200242070242753 0.742532202208956
0.122798903831195 0.200769821018416
0.268357885897112 0.43465165824428
0.35306793491791 0.579166219228901
0.206317257648986 0.135255509250478
0.160131552503044 0.532247171760601
0.180926062745003 0.458618471715393
0.0178948974413181 0.0947336306657234
0.0186725258348393 0.268177284837764
0.171948393570342 0.067732965417972
0.38206356470856 0.190953106008355
0.29400037897819 0.59133068634209
0.577368951413351 0.650429673307954
0.357370682672064 -0.0217268679197439
0.440092416841794 0.421398238237964
0.489581405027286 0.696060904802831
0.576588747220307 0.0755854172708438
-4.10359442374989e-05 0.52990293954183
0.0570631204287557 0.12617606763181
0.413758779792476 -0.02968139396414
0.340761377632839 0.698334156400805
0.676762468687136 0.011561346551189
0.60017764398895 0.554822230132328
0.358536901163069 0.26151989264092
0.431904207038278 0.274971721579363
0.456389788052384 0.183433388219564
0.454321821892411 0.371066081272881
0.155620471324317 0.179326246468687
0.0312772202420246 0.560399604919303
0.562186192412852 0.0451141898559172
0.0698254647317571 0.0500659031210892
0.0718961566872848 0.27449911611061
0.14882249127534 0.410218056366519
0.435962284585297 0.677473352713336
0.571397757947404 0.181518586235663
0.247359785814392 0.178447912389806
0.163804871358792 0.380173980325709
0.064589814221939 0.594088775384631
0.156523699431336 0.600382504421948
0.236099584899045 0.504270784938253
0.279609482376358 0.200587737816019
0.577757303339263 0.634590983783011
0.352162721885105 0.465347580989524
0.621020018094578 0.409358037016399
0.135450029330851 -0.0333938414891475
0.427950835668665 0.74091677979698
0.371297317642894 0.107765666752242
0.478738192915692 0.556533014595834
0.428419850644608 0.470999449483593
-0.00301572404503012 0.0600522250052468
0.401890456735987 0.574531909458518
0.0582941694169223 0.146396523910867
0.648728005492141 0.126014603322816
0.0581371901107375 0.484253759280419
0.558322719749111 0.707080490628602
0.580857226900719 0.573477755456445
0.315990924872298 0.327738846546136
0.346889920351798 0.40130466548127
0.507223439573377 0.0820080656606347
0.0579699165541629 0.231537059188908
0.341766903033063 0.58319713395624
0.384699715508942 0.0658196544752135
0.311280485790722 0.426186662103889
0.656575328328569 0.740551306087496
0.602089861558547 0.287351205662731
0.486274003766987 0.300208236082567
0.10289855864973 0.171854696144615
0.526258303750983 0.449462528695935
0.53589708498788 0.279610673480496
0.166181337056493 0.411664262415174
0.231304713669773 0.705834633602841
0.15416699449059 -0.0182998180569234
0.0269695253844987 0.539039410651661
0.174435717397635 0.355841643859177
0.60535423282944 0.0613340205412727
0.0336852241507757 0.350230994268415
0.170818822753887 0.0596044437852968
0.374173341217699 0.318064747846274
0.494494444008355 0.254949402310037
0.589711619836194 0.765554270598503
0.58589593197097 0.478058405534689
0.555118315004296 0.342554781552431
0.243456431288357 0.203667789396699
0.0771676718663422 0.769526071096304
0.10645473581113 0.473639437908351
0.169418514957988 0.198099237358489
0.314841577843766 0.331962405828461
0.527258756617314 0.197605379832585
0.239903878434528 0.394868738214438
0.196743379304298 0.502182698141005
0.0199004231168124 0.545241110763995
0.364799890270336 0.290523119427092
0.475142557199671 0.380899835431293
0.0276264277967342 0.0244725325823578
0.164598366143767 0.042804919870474
0.0666257567173306 0.500655510958908
0.586092323466409 0.15471999955055
0.0856098369892255 0.330403174102588
0.402673407548329 0.629059997068571
0.336300732050167 0.059028550482489
0.414104921338532 0.686639747938755
0.0198016678123152 0.659952770668377
0.166329744138307 0.0531660437241693
0.661432420416895 0.0134705459895417
0.428989544843772 0.53700555518858
0.601611856581868 0.267039032414106
0.209411908248013 -0.0251509768663097
0.167268654706805 0.526593853580254
0.358701678961387 0.0750294834496272
0.4383758809708 0.0571007617492886
0.456050519643336 0.189591679509122
0.641727762139969 0.773448978436489
0.327751133002098 0.0708677053135134
0.379676354935061 0.450523896006087
0.651873468954898 0.522689251338245
0.428942009279441 0.159889604609907
0.0337458479262752 -0.0205018966112385
0.0348884814122745 0.506585769259563
0.435750308795061 0.557898998627738
0.61354188933957 0.0520309050007895
0.491303585271707 0.66607249297615
0.673963727069614 0.62898943566147
0.549097656686672 0.365682896088844
0.131108534933824 0.482159206584012
0.0479249437874692 0.262924971371241
0.358134889999883 0.531673804881228
0.155489272301277 0.0646819717667442
0.308919613498206 0.559732031847421
0.157294130781018 0.713823473043512
0.205998234311628 0.208562528877032
0.542276935807749 0.65671771878951
0.0577847446642382 0.150911834964218
0.561881366639087 0.412112950420783
0.274518833290095 0.137972159585775
0.428712807209656 0.549489223128066
0.614251263356895 0.251454914559813
0.0661988670367272 0.14805268841778
0.0681651432084672 0.246267924595225
0.141301229062948 0.0834870995406368
0.148882608448192 0.0726111066796739
0.0895315974273708 0.0390736741991113
0.352883256127737 0.0479616809397888
0.565100217368254 0.160777523009098
0.478753203256045 0.453186183766894
0.575305812620222 0.203601348746919
0.276326644999719 0.224611912183716
0.50578796226338 0.325395268262963
0.364649751401374 -0.00398224674608363
0.29802989838715 0.585631765642799
-0.0147461952176384 0.622685340904622
0.598407541964821 0.454986101559528
0.0126433161165881 0.290556323795425
0.441368061179249 -0.000715542344895471
0.0597356270459022 0.610684030817346
0.644856820071525 0.522415399236655
0.619744776566422 0.292026136295983
0.115652007146901 0.278882738735081
0.592920261399488 0.718994035873976
0.0176992609692849 0.574694580800818
0.593649332889109 0.649358952056189
0.247204768983395 0.185577256119805
0.613036676189113 0.288084639472115
0.303899264720987 0.392223521137427
0.411525109014891 0.00694284529147712
0.279684446878692 0.000739393734539806
0.485687570205975 0.0555872186511192
0.506335734754092 0.706373002559073
0.621719949194735 0.15488933563526
0.632577487554153 0.663594816351856
0.208215781003927 0.191828235934994
0.0515488809238305 0.724749278310859
0.353163936770318 0.451533884334714
0.590122086903619 0.446591768608302
0.141066809506489 0.282475392358881
0.441055685496795 0.38639262346938
0.65498667350984 0.203017355555718
0.323835771472729 0.408634759130864
0.41463834838453 0.761935430847896
0.582908910682415 0.269860194611912
0.072640790021103 0.206721257919407
0.0226912957993802 0.620292924414818
0.357498529072318 0.640546999743862
0.202518227314802 0.195451487815324
0.407302209093728 0.205653620343155
0.56901385996263 0.733588372066246
0.545888922229958 0.301324401987219
0.0300772339351908 0.00915372544503698
0.563357740318156 0.154624596710661
0.408023939074786 0.660455078749264
0.458192356896397 0.424636093750042
0.031569331981271 0.0989035778038396
0.548550398282141 0.0125953399623984
0.474016435966561 -0.0222058556337507
0.185382051780605 0.76988802038939
0.242034283940183 0.233334980429111
0.321209861073836 0.733244361342605
0.448374344555982 0.451282708483828
0.242164217920774 0.472841564344823
0.604513033775271 0.739452870656122
