0.226476888358714 0.5811686422825
0.222228637662235 0.573353961296621
0.185894472270825 0.630985637760736
0.223262558065462 0.57291306867739
0.268544217698959 0.607809073738737
0.154303882973315 0.589110189123837
0.214800348152676 0.667916479903026
0.165986404434923 0.705968667777243
0.216732638812284 0.612682788649025
0.244028789157308 0.616293822316183
0.190232376065553 0.640600940929246
0.233318920163529 0.618803930924487
0.19337764353072 0.642342589338688
0.186579977141852 0.632280757405737
0.0752974577656518 0.594839936151422
0.152920622799475 0.603018879479922
0.245512174721133 0.589662364386684
0.116143168736898 0.618560369122894
0.202543933140191 0.566744516126567
0.103071448573829 0.632462609530671
0.173687647316475 0.63714456337587
0.251937102199561 0.524424897308038
0.161531569361661 0.665499838355474
0.155453644106335 0.652736019082932
0.25931930139872 0.607370848658258
0.166428996969189 0.641457867046716
0.18812806794027 0.621758469368884
0.163863907350234 0.638153647665463
0.142944749640529 0.600681125559418
0.187281369579193 0.619740751076551
0.149917457976541 0.627889121571189
0.100161746210176 0.582595458013307
0.0996817759230812 0.585907355935754
0.261010180458622 0.539751367419651
0.125371351424535 0.603850245080676
0.155632485554215 0.578255700482926
0.240316469872 0.568859524645099
0.256614060161439 0.620507264852978
0.225534538552637 0.560491475957907
0.153002548055051 0.654157169087642
0.19233024541753 0.590135932712245
0.126716740830745 0.684468885221238
0.259701080228559 0.589332676186054
0.186267860646097 0.687847273749212
0.209910292759812 0.597578160736268
0.164070470034366 0.555684827494435
0.267171145182975 0.646958760547615
0.176333160139244 0.600001877374896
0.156912102184449 0.565515273119327
0.225447610182857 0.574805518482221
0.590794830560471 0.310036108051263
0.573777452465422 0.260683619286538
0.576265050675248 0.199431326919586
0.519644008539261 0.185645687799102
0.566759740423634 0.316326218331516
0.542288616164095 0.246028671488833
0.587417866516597 0.269487216969868
0.536424523917838 0.221626460180879
0.580189269036898 0.201166704180754
0.562029728152948 0.286223461591339
0.592691161377819 0.318775072808836
0.609870343643918 0.25289093070492
0.590341779538885 0.246158739311088
0.606691745748764 0.310374730337447
0.572023503665362 0.274207553003385
0.623653109474139 0.26264961046591
0.569240369376227 0.221729042756633
0.617056161243271 0.272173443612289
0.562986903900132 0.247692449196426
0.637910189068301 0.2833975776601
0.549106419249511 0.291143584970911
0.602374523596278 0.252796711632256
0.613631857260814 0.211966213783074
0.618025945022309 0.364006822253254
0.620020075514484 0.232838260970418
0.521823529687938 0.252052386808658
0.583389010036148 0.28572667161128
0.558510560891821 0.260812300751172
0.508165705640743 0.17187141365582
0.581922649916798 0.209791000926409
0.591732862214241 0.283785133966058
0.532795085022115 0.291502023822699
0.617380626116419 0.303962671860042
0.569424699722229 0.246268635597082
0.554007313737122 0.284199641090472
0.586456406799466 0.239601951408587
0.575480551718867 0.19959017365918
0.559263659406825 0.175928230649038
0.542869629506057 0.270788912774967
0.578700521444094 0.207851528684528
0.564136187137471 0.256923518321386
0.615842754528804 0.219316335467196
0.569320208850517 0.222022922306209
0.58234064429924 0.282174643927611
0.563023322574834 0.29134507420406
0.56705600222073 0.239356591746352
0.536575893266279 0.245738034004591
0.569456550450458 0.216623744332366
0.619189624949202 0.26367960055514
0.622950811861623 0.237720366335273
0.508814574910556 0.0164939193010004
0.501471068170362 0.0472691600626233
0.51682720725537 0.0537888318388162
0.492381719765502 0.0175501292320746
0.557300742667756 0.0312587535244042
0.601159274978513 0.0108867600751042
0.469956964531787 -0.0310433967709217
0.618481562350275 -0.0377740486438669
0.499904421609527 0.0123929689374675
0.564914571395609 0.006413992410133
0.463326136323768 -0.00112109199364282
0.563539650402796 0.0323828174112697
0.500746047176974 -0.0325015366901498
0.494888919586479 0.00960336037796112
0.488116410099543 0.0380085823584172
0.541002610062035 0.0452558624696764
0.496633242108203 -0.0365623247532556
0.492128331850241 0.039490617719039
0.522368587131759 0.0510813003834446
0.4412846935246 -0.0258897388534636
0.531432466391979 0.0946268925350514
0.488746195752424 0.00513626566997123
0.494172218053525 0.0451851759795127
0.569276259539062 0.0181027620126572
0.61351413321448 0.0231773048589071
0.430531990747523 -0.0135906820047765
0.473511601907138 0.00253271958180201
0.486352336747521 0.00684323147416536
0.416279385755699 0.0392191046076193
0.471621114301217 0.0245729022351375
0.53547915751853 -0.0233621479403022
0.56630478767962 0.000661241969268897
0.476824601553327 0.0267553854167405
0.551817063929015 0.0361245512743347
0.540459025089087 0.0704357310032746
0.497502336488325 0.00334649375708926
0.548455923688206 0.00705863687177495
0.531351956417559 0.0735931292619685
0.509810463494651 0.022128204858622
0.519219217126091 0.07429392416537
0.554116486934741 8.76632905110979e-05
0.487056944956073 0.0634738269222971
0.469344682876415 0.0612498595032461
0.464317920395303 -0.0591964285334071
0.528903740887421 0.0896721141590605
0.514561430866455 0.00782557727034274
0.52857256575415 -0.024713539637381
0.556087456906253 -0.015217194366915
0.53939442338874 -0.0646979083932434
0.533379540922097 -0.0335727355858923
0.472366699928001 0.658862054694637
0.497870912381782 0.623387437602086
0.442551506231765 0.62249101771226
0.438843207317824 0.630788934715279
0.449892749705344 0.667733558922003
0.41469976501735 0.663288857603645
0.409517121116336 0.593639206490881
0.45814288765793 0.723910386176351
0.472307361323859 0.619151770615398
0.442408067190743 0.620773239107442
0.46038726194564 0.631970459805922
0.461455430443737 0.607346326102037
0.471343709991597 0.571276087967635
0.458410985820159 0.622998678997366
0.440311495453724 0.680981018483822
0.467287775166196 0.670556125192306
0.329111316780239 0.651460540490265
0.519012655099312 0.632906869769672
0.451977880869559 0.643010106400349
0.408207443072926 0.662220704882022
0.36005499177596 0.634174264891656
0.447382073801341 0.630364074280036
0.467437988230589 0.689704469708978
0.510906830467328 0.62516737682777
0.490782669642507 0.643580375306407
0.453401143607031 0.624210320718844
0.481654162715356 0.550196332329761
0.473713803711014 0.646227923951629
0.491263049460564 0.642457906158085
0.415839596174917 0.613645450007565
0.447365152876005 0.612675969925645
0.49141868963189 0.614339762095005
0.458528297048766 0.689090352723838
0.465797509745156 0.595739224730039
0.468113365920243 0.569454850535423
0.452311404725344 0.64986848263186
0.428679112940064 0.637888851387697
0.463889448462301 0.588047923656296
0.420304660319278 0.595383503375836
0.44890096366175 0.590116097740755
0.501431669056848 0.627099231662293
0.47003049144456 0.656102221599722
0.356255198517825 0.60369521756241
0.493566205574367 0.672198016986835
0.447368576370786 0.634820124141768
0.478376025789156 0.633318756027401
0.510801370657193 0.67362335827471
0.41450241447912 0.591293338204099
0.418069102450923 0.592990514706396
0.516327666252719 0.619918441499208
0.252446439734992 0.424742893940795
0.253635931944826 0.412285492570258
0.279924212788728 0.373532897630949
0.330028785772672 0.455864659687192
0.257310665753735 0.396833477882854
0.279111509441589 0.430661150107838
0.322998383529896 0.377756443027054
0.332026043950747 0.366657681985882
0.237217125092199 0.428456520701356
0.313532018818179 0.415296080881395
0.277903470014927 0.422275350915736
0.300711082137513 0.470319281109326
0.3279733340995 0.375925987532762
0.292618664878715 0.427930935370131
0.282730333399963 0.434837667150715
0.301327158034798 0.44440455232161
0.282382918359134 0.46360113340645
0.279182404970029 0.422199292536297
0.272033121082165 0.404724850279178
0.28074730888788 0.459398048124603
0.31141698532023 0.367406932356023
0.242538058987649 0.470827207307719
0.301569410389078 0.477508344060778
0.275734423130045 0.440803619541703
0.382383311999818 0.463055161584511
0.227712578027497 0.415885857397114
0.265160715621466 0.455455300294658
0.19636019244672 0.388050544093234
0.264244582370468 0.330232411403294
0.280388793125783 0.473021180363607
0.27190391439243 0.383241234007187
0.268009067223234 0.4541242109471
0.306705452559006 0.380934369107372
0.271095316872557 0.39339990916625
0.323926417500846 0.33607740754291
0.245153919928204 0.437499513882531
0.347311996791276 0.41897687219883
0.326860452445683 0.375124074636243
0.262998948264464 0.414422455366572
0.307964791819136 0.492060725059203
0.292113793400032 0.412119613467536
0.352244603962972 0.454574905357935
0.345093454507099 0.477999151470561
0.373001664322159 0.366437086128444
0.326725329578331 0.370785880948811
0.25782914509829 0.424148402888868
0.230363391088058 0.357353784714461
0.287312343941978 0.455986805090265
0.259350518438591 0.385311834381823
0.327703255989829 0.42900750418309
0.170773880538799 0.377800015675201
0.109311968138593 0.354750177492456
0.112809824670592 0.326272527036205
0.177069864268719 0.32075854103424
0.159077447514202 0.398970842321894
0.125728992907051 0.365041977165543
0.0832993489613256 0.30781576067556
0.142510565309362 0.338140820419094
0.0984162930411736 0.248394376719164
0.12448641220605 0.327685163661324
0.0832766840848763 0.340493930764632
0.0770177191930097 0.292759277301542
0.155965764217305 0.374507100794667
0.156262655758641 0.341584209333189
0.123339851725121 0.336665710273049
0.127917250278008 0.403777246250025
0.105780477479491 0.309039521358209
0.106349552632376 0.397956392059203
0.160020634788088 0.340144132161577
0.154804679520327 0.312810546216654
0.167392115188113 0.340348089755499
0.142409686592762 0.313048186581806
0.138497372895182 0.324034673033582
0.0996432385994395 0.338877846651573
0.156042076992382 0.346837080891925
0.173213273733405 0.301608318459851
0.102441054212006 0.365471539647285
0.04622190065093 0.362078517782653
0.0634662555296539 0.351168998829611
0.185476431873667 0.243467633136839
0.196734753539866 0.305965411705355
0.0876388106828264 0.356881078178773
0.181268779960053 0.354253753658056
0.115426525708368 0.360601156859702
0.124461685870378 0.330444741045896
0.143625250739999 0.380547523400081
0.0764532481410162 0.358335563872293
0.177318160984465 0.343126437856941
0.102673609951173 0.347664073122714
0.170197044675587 0.420610559569712
0.157209436124399 0.314946306714206
0.15570714837309 0.334613632793178
0.118072755045982 0.374543039601629
0.12414794505519 0.358851206081004
0.127702976185029 0.38662127840754
0.0896212455492065 0.330738690274897
0.0341855293193054 0.320620178073614
0.118883897179583 0.385328550870355
0.117670144040049 0.355628016640448
0.176342433418982 0.35949399614964
0.26542793975952 0.624999122980358
0.326271723978749 0.300456235784219
0.253208330382612 0.534096812196636
0.589575471419743 0.133986494707504
0.325887828862255 0.0149519522559628
0.371421911200674 0.427998863458384
0.520406400427082 0.692297211387025
0.0465780363099326 0.624701502375699
0.222219218250496 -0.00908921322275501
0.0598279030411835 0.332191403881371
0.527583669145716 0.165186568722302
0.207348653366807 0.702114913141982
0.564167482317347 0.119648388845554
0.17644712176121 0.54693632397487
0.105285795565837 0.55102803531611
0.0146947381167619 0.56059541520736
0.0110984727811138 0.311602829889444
0.50515758456451 0.531477909096823
0.528961514252374 -0.0106511008406143
0.244413304600052 -0.0729711080999334
0.0334622028144828 0.534391710287612
0.320720363469179 0.12826444646283
0.412537234623004 0.689427178920562
0.382425920716255 0.654986665231932
0.302321556111167 0.440387307412504
0.0336014256503977 0.573020601253904
0.321950073829504 0.499310323882164
0.0852557616156073 0.291033720382471
0.106470118505237 0.471672364786048
0.628072271275275 0.596844492367151
0.0872746671591322 0.439895855331777
0.0629646552990644 0.391680645301423
0.381599089425442 -0.00575043714013013
0.652486810022313 0.292623506629838
0.397161173832146 0.126649628231525
0.457180968665986 0.192650242407572
0.305556389905025 0.705028955834653
0.549579212804071 0.287933537633717
0.279104205434876 0.0547734157556771
0.413688001599079 0.157468593853673
0.341760231426166 0.411236305213478
0.668598312481959 0.543102575309216
0.410604785117736 -0.0186981666611148
0.134306993419835 0.317913836245829
0.130778546070445 0.572046872342111
0.0666872073613819 0.413155434036221
0.203838553184016 0.488307001528122
0.214803019332193 -0.037004991388587
0.155148141550824 0.578878409994633
0.665515330010715 0.511272684222057
0.126996340804681 0.341688968270611
0.619590655837668 0.120391729414524
0.272885432781706 0.278463335832924
0.143769773992569 0.551448603456488
0.579414447175536 0.668651952516084
0.0876522612050307 0.337707194133139
0.650673478786019 0.748353932090354
0.536860592544223 -0.0748863992087648
0.545797921107532 0.240029976572637
0.374140153599271 -0.0269899048612069
0.415152441910264 0.125479683796995
0.0948854888670247 0.375591733582931
0.586206988104656 0.129809966406971
0.178550513628851 0.755696784290706
0.271462915767119 0.128263791391503
0.428004407943133 0.393365865481473
0.35020883020849 0.595468741566455
0.0236122543932924 0.625538372393099
0.261913530226521 0.00605475851125579
0.00979759932990876 0.139131620865155
0.465907518754434 0.665715662095047
0.464280737114301 0.615964499279387
0.489029477771094 0.163957578190768
0.259409939712325 0.0604948471887519
0.36054751600437 0.287841058809573
0.31402758739901 0.444798832632446
0.382591251020548 0.377270827550506
0.182756862818227 0.189990603426024
0.623220852017719 0.294650218367248
0.344663896608058 0.317893581059822
0.354486296771541 0.716068831209234
0.320484381796751 0.64235181668396
0.0828167242593594 0.0544807002911071
0.496131610496273 0.165792740675268
0.248542628048198 0.207082880365752
0.343090218678135 0.467126508850268
0.402509833244571 0.497611126957766
0.129922037339975 0.413941255049565
0.247985976138712 0.0728208984330195
0.135431963339603 0.703613504998941
0.533582895074112 0.631308542064099
0.258104521506053 0.707595953236388
0.28590653372014 0.606852236468046
0.413257332978002 -0.0545027046449289
0.240389602772212 0.535851127826562
0.113258933559661 0.598551021393981
0.199885088634917 0.363492206651359
0.52035145656064 0.552359505643309
0.0144347525872668 -0.023138312384592
0.44495327958676 0.571568287878475
0.126874577756672 -0.089196297934191
0.433485837401747 0.0554261370447585
0.129593282131496 0.381231636571456
0.104944470140724 -0.0401158672253237
0.271945077767986 0.461671428285171
0.225456538750342 0.503880457943532
0.550051048140752 0.614318934599219
0.400789772544584 0.35417133479693
0.310756826856073 0.227543041146487
0.669131712156216 0.230438449124713
0.593313409413583 0.386037800362466
0.049882126089853 0.296747427399075
0.194028446144414 0.175040579364293
0.540999133510677 0.581912148955847
0.303877509093396 0.551415161619888
0.0613093097044121 0.639268501414581
0.485398288985293 0.40229689418655
0.248737138481945 0.457469267181263
0.10662276003811 0.345040948413018
0.41637091296702 0.405306775879187
0.0127512507735717 0.0598019920519669
0.522912552964425 0.612668765188682
0.586046839496824 0.579966080830857
0.241213003722937 0.178725408818973
0.662588501393453 -0.0366688989064335
0.45629797634627 0.0486944052580008
0.613070897690966 0.513913880192666
0.176533142633668 0.281440055653005
0.646701830102523 0.314943345271464
0.478869305106683 0.720710429382281
0.539174822706525 0.224266836723978
0.121556925767127 -0.0993665977015012
0.388684985259197 0.472008267791452
0.628975104086959 0.672366742981817
0.660594943327893 0.0442654121441109
0.366866305658499 0.510491460853948
0.336410557711691 0.496624844806437
0.377958917751327 0.361874774815016
0.633838435698322 0.322647116671429
0.152026419870058 0.732311033059619
0.3238588543756 0.0650051914163873
0.569383197803231 0.573516905639857
0.0600594574285133 0.195386348820614
0.417875045730188 0.592482433129702
0.244823301450902 0.305996968342361
0.283627610412616 0.749200445583613
0.403866407298187 0.0550771761357841
0.296054276728949 0.557261604792119
0.25044378466926 0.132961942301376
0.541901165263951 0.537589252708708
0.546143717675264 0.158582691838108
0.607755994622698 0.493845018860149
0.625603141770082 0.227939942912065
0.297117735467076 0.74576293693194
0.0214311259206315 0.394449047176242
0.584928279284128 0.621037191674043
0.437791072749903 0.745508937680802
0.653844348786435 0.397696704780618
0.178926674479126 -0.0122469458904599
0.618195762242972 0.244167957083516
0.247121062106442 0.283774742616041
0.426686551247765 0.340810391910431
0.444405608550932 0.558854238453975
0.357463410904547 -0.00145471865211753
0.410936636698248 0.566566626997405
0.240395313703433 0.697229262437428
0.419642922441999 0.213197392045087
0.17823483028647 -0.0954968138374516
0.269293165299378 0.739081835114119
0.42465415370478 0.131076134463074
0.35875012643484 0.734612041744983
0.471534665371607 -0.0570706287823045
0.184137255225541 0.473825484641481
0.536911306251956 -0.0095390395288065
0.208890220926915 0.51515255185249
0.0425098057697474 0.342913064795839
0.595506990787882 0.557989230329509
0.387194613064694 -0.00487610943168427
0.609377725983962 0.552593757611395
0.179234884685762 0.629259405469952
