 4.503734e-01  2.595410e-01
 4.140443e-01  2.923983e-01
 3.532725e-01  3.426872e-01
 2.726994e-01  2.864001e-01
 4.150155e-01  2.832548e-01
 3.200259e-01  1.420899e-01
 3.389210e-01  2.459598e-01
 3.008667e-01  3.268323e-01
 2.972477e-01  2.258764e-01
 2.903017e-01  2.908192e-01
 3.646508e-01  3.502023e-01
 3.440825e-01  3.065177e-01
 4.697239e-01  1.436038e-01
 3.721238e-01  1.805474e-01
 3.570382e-01  2.456285e-01
 3.447383e-01  2.339156e-01
 3.828818e-01  3.263855e-01
 3.369320e-01  2.380207e-01
 3.560176e-01  3.722126e-01
 2.978651e-01  2.711346e-01
 2.807707e-01  2.087971e-01
 5.151507e-01  3.438759e-01
 3.100079e-01  2.299937e-01
 3.149858e-01  3.081709e-01
 3.265850e-01  2.208852e-01
 3.104600e-01  2.379742e-01
 3.290450e-01  3.198504e-01
 3.164050e-01  3.043154e-01
 3.589965e-01  3.241633e-01
 3.220957e-01  2.125984e-01
 3.170235e-01  2.522864e-01
 3.256171e-01  3.432704e-01
 2.885342e-01  3.634554e-01
 3.231999e-01  2.909742e-01
 2.399445e-01  2.618982e-01
 3.363943e-01  2.018377e-01
 3.739937e-01  1.229507e-01
 3.405405e-01  2.686538e-01
 4.214901e-01  2.016279e-01
 2.750307e-01  2.534673e-01
 2.546931e-01  2.411065e-01
 4.238236e-01  2.801620e-01
 3.235313e-01  2.683145e-01
 1.811500e-01  3.409262e-01
 3.635412e-01  1.633713e-01
 3.343002e-01  1.966154e-01
 3.156031e-01  2.542609e-01
 3.291729e-01  2.287109e-01
 2.619908e-01  3.056311e-01
 2.910313e-01  2.887877e-01
 9.837083e-01  7.582875e-01
 9.396542e-01  7.295996e-01
 9.707900e-01  7.758696e-01
 9.925726e-01  9.269747e-01
 9.633986e-01  7.614830e-01
 9.364851e-01  8.014350e-01
 1.008182e+00  7.704255e-01
 1.041252e+00  8.865741e-01
 9.492739e-01  9.301044e-01
 1.012384e+00  7.297805e-01
 8.108398e-01  8.248399e-01
 9.677800e-01  7.926597e-01
 9.490661e-01  8.958754e-01
 1.031479e+00  7.901205e-01
 9.425829e-01  8.051697e-01
 9.458095e-01  7.995205e-01
 9.978448e-01  8.323346e-01
 1.015028e+00  8.439088e-01
 8.782165e-01  7.806337e-01
 8.970249e-01  8.298217e-01
 9.042607e-01  8.133264e-01
 1.004344e+00  7.279859e-01
 1.002833e+00  9.117820e-01
 9.728772e-01  8.472385e-01
 9.457613e-01  8.129730e-01
 9.168777e-01  8.288799e-01
 1.064811e+00  7.682951e-01
 9.086929e-01  7.932764e-01
 9.979110e-01  7.729255e-01
 9.739345e-01  7.431061e-01
 9.668875e-01  7.240715e-01
 1.040473e+00  8.248827e-01
 7.966062e-01  7.353367e-01
 8.946027e-01  8.003795e-01
 8.074469e-01  8.543060e-01
 9.435047e-01  7.966638e-01
 9.019226e-01  7.937287e-01
 9.913185e-01  8.266198e-01
 1.058830e+00  8.721845e-01
 9.436989e-01  8.135989e-01
 9.847067e-01  7.533726e-01
 9.021434e-01  8.652633e-01
 9.383993e-01  7.429165e-01
 9.218055e-01  8.032874e-01
 9.380431e-01  8.671047e-01
 8.615579e-01  9.378974e-01
 9.707240e-01  8.157436e-01
 9.336902e-01  7.524868e-01
 9.151856e-01  8.787500e-01
 9.496096e-01  7.882551e-01
 5.351240e-01  7.240659e-01
 7.033269e-01  6.344763e-01
 7.134127e-01  8.608482e-01
 7.652504e-01  7.328634e-01
 7.006340e-01  5.996402e-01
 6.064412e-01  7.751969e-01
 7.240440e-01  6.072263e-01
 7.097922e-01  8.040233e-01
 7.198385e-01  6.942858e-01
 7.740221e-01  7.313893e-01
 7.898552e-01  6.491725e-01
 7.335188e-01  6.280520e-01
 7.189359e-01  6.435299e-01
 6.317373e-01  7.024275e-01
 6.676863e-01  7.036152e-01
 6.609201e-01  6.246302e-01
 8.131114e-01  7.197220e-01
 7.224005e-01  6.679283e-01
 7.492194e-01  6.761019e-01
 5.556189e-01  7.581621e-01
 6.186835e-01  6.941589e-01
 6.380134e-01  7.104586e-01
 5.936556e-01  6.351204e-01
 6.367806e-01  6.702663e-01
 7.413528e-01  7.428713e-01
 6.614069e-01  6.493525e-01
 6.843127e-01  5.893902e-01
 6.521268e-01  6.772427e-01
 6.677821e-01  6.825064e-01
 7.397214e-01  7.097155e-01
 7.097864e-01  6.745214e-01
 6.391423e-01  7.851877e-01
 7.061079e-01  6.794130e-01
 6.846732e-01  7.076339e-01
 7.742990e-01  6.870654e-01
 7.730362e-01  6.892381e-01
 6.566528e-01  7.378692e-01
 6.977939e-01  6.265257e-01
 7.081862e-01  6.984997e-01
 7.176894e-01  7.475662e-01
 6.145464e-01  6.909634e-01
 6.370496e-01  6.337645e-01
 7.677814e-01  6.918962e-01
 7.055599e-01  7.184201e-01
 7.077797e-01  6.533571e-01
 6.348484e-01  7.047464e-01
 6.775708e-01  7.167252e-01
 7.897256e-01  7.599684e-01
 5.805745e-01  5.876517e-01
 8.081596e-01  8.074170e-01
-3.820893e-03  1.654819e-01
 2.014284e-02  6.009358e-02
-1.774132e-02  2.694200e-01
 7.648144e-02  2.461131e-01
-5.835091e-02  5.566757e-02
-2.577839e-02  2.603030e-01
-3.358495e-02  1.027785e-01
-7.502742e-02  1.155944e-01
 1.287793e-01  2.012209e-01
 1.240593e-01  1.897064e-01
-5.242585e-02  1.419173e-01
-2.062063e-02  1.362936e-01
-8.182758e-03  2.437189e-01
-5.706310e-02  1.557774e-01
-4.289188e-03  2.284224e-01
-8.634349e-02  1.590074e-01
 4.593274e-02  1.839787e-01
-2.705408e-02  1.697184e-01
 1.688723e-02  2.130188e-01
 1.677072e-02  1.427523e-01
 6.344805e-05  1.226225e-01
-3.205299e-02  1.957441e-01
-3.884887e-02  9.162882e-02
-1.069664e-01  1.699876e-01
 6.296438e-02  1.487170e-01
-8.978624e-02  1.015829e-01
 6.125149e-02  2.344980e-01
 1.452003e-02  1.702248e-01
 1.537050e-02  1.665035e-01
-8.133952e-03  2.317005e-01
 3.597162e-02  2.101164e-01
-9.660518e-02  2.269180e-01
 1.881087e-02  1.045927e-01
-9.021983e-03  1.755558e-01
 2.802614e-02  1.848038e-01
 9.823532e-02  3.245797e-01
 1.092645e-01  1.357708e-01
-7.375237e-02  2.259520e-01
 3.291180e-02  2.501925e-01
 1.554360e-02  1.986898e-01
-1.849135e-02  2.336767e-01
 1.431689e-02  1.620154e-01
-1.754592e-02  1.540195e-01
 1.138545e-02  4.674361e-02
-5.307839e-02  3.381470e-01
-2.456401e-02  1.725009e-01
-2.366788e-02  2.592807e-01
 3.813605e-02  1.412414e-01
-1.906155e-02  1.998230e-01
 6.521933e-02  7.082693e-02
 6.797826e-01  4.465141e-02
 6.620328e-01  1.344620e-01
 7.116656e-01  2.300077e-01
 7.177403e-01  1.314485e-01
 6.565010e-01  1.621659e-01
 5.926754e-01  1.584982e-01
 7.354931e-01  1.923437e-01
 6.229512e-01  1.928065e-01
 6.008529e-01  4.442296e-02
 6.660291e-01  8.018431e-02
 6.447821e-01  1.331344e-01
 5.690780e-01  9.512386e-02
 5.747209e-01  1.832527e-01
 7.170428e-01  2.614644e-02
 6.316641e-01  2.250552e-01
 5.752133e-01  2.060640e-01
 6.613202e-01  1.947867e-01
 7.270610e-01  1.673241e-01
 7.497297e-01 -4.610026e-02
 7.553658e-01  1.255600e-01
 6.284609e-01  1.139439e-01
 6.841087e-01  1.054504e-01
 6.882060e-01  1.931763e-01
 6.320449e-01  1.407845e-01
 6.059979e-01  1.695784e-01
 7.454741e-01  1.985091e-01
 5.634352e-01  2.250203e-01
 6.999351e-01  2.438015e-01
 7.790684e-01  6.419890e-02
 6.910778e-01  1.855480e-01
 6.142013e-01  2.196414e-01
 6.582284e-01  2.391347e-01
 6.749940e-01  1.639345e-01
 6.550988e-01  1.780220e-01
 7.168860e-01  1.489575e-01
 6.930365e-01  1.632581e-01
 5.765651e-01  1.543164e-01
 5.997462e-01  2.105407e-01
 5.217728e-01  2.059718e-01
 6.320472e-01  4.108050e-02
 6.675116e-01  7.424855e-02
 6.344764e-01 -7.155583e-03
 6.968290e-01  2.037194e-01
 6.273642e-01  7.621095e-02
 6.920145e-01  1.996273e-01
 5.603409e-01  1.260531e-01
 6.296251e-01  2.494151e-01
 7.491255e-01  7.334692e-02
 6.489833e-01  1.875837e-01
 6.745406e-01  2.193935e-01
 7.899619e-01  1.663963e-01
 9.404282e-01  1.954904e-01
 8.695836e-01  2.241234e-01
 8.292614e-01  1.747026e-01
 8.244247e-01  2.537961e-01
 8.532249e-01  2.769597e-01
 8.973785e-01  2.422661e-01
 8.776297e-01  2.670215e-01
 8.123951e-01  2.690375e-01
 8.119749e-01  3.334172e-01
 9.063888e-01  1.164896e-01
 8.616309e-01  1.898059e-01
 7.505709e-01  2.036324e-01
 8.678285e-01  2.356287e-01
 7.596516e-01  2.138191e-01
 8.602893e-01  2.583293e-01
 7.544634e-01  1.918446e-01
 9.328796e-01  2.832402e-01
 7.155813e-01  3.263503e-01
 8.575132e-01  3.284845e-01
 8.117473e-01  2.249578e-01
 8.683344e-01  2.612233e-01
 8.018175e-01  2.749348e-01
 9.167806e-01  2.515756e-01
 9.093320e-01  2.525694e-01
 8.200248e-01  3.265144e-01
 9.032490e-01  2.520558e-01
 8.794714e-01  2.640412e-01
 7.927637e-01  2.509897e-01
 8.737693e-01  3.080732e-01
 9.335463e-01  2.582552e-01
 8.531833e-01  2.062749e-01
 7.205692e-01  3.914088e-01
 8.497171e-01  2.475102e-01
 7.550718e-01  3.657122e-01
 8.689377e-01  1.912145e-01
 7.462231e-01  2.454226e-01
 8.057909e-01  1.838920e-01
 8.377825e-01  3.119973e-01
 8.131614e-01  1.763030e-01
 9.205099e-01  3.155753e-01
 8.628433e-01  2.822131e-01
 8.782552e-01  1.878659e-01
 9.013663e-01  2.730246e-01
 7.899845e-01  2.498019e-01
 8.215296e-01  2.651149e-01
 8.703677e-01  1.239436e-01
 8.769446e-01  2.360924e-01
 7.622952e-01  2.375987e-01
 8.328462e-01  1.865605e-01
