 0.187232203  0.584287568
 0.027890329  0.598048530
 0.177763210  0.542259793
 0.133035133  0.433337125
 0.161185120  0.482558097
 0.186362963  0.564617792
 0.036693454  0.510979817
 0.047351725  0.611230319
 0.074760302  0.634500767
 0.123707777  0.546691960
 0.118543790  0.563232509
 0.306319549  0.585796490
 0.108873631  0.570198556
 0.092189277  0.500561585
 0.096514091  0.618472208
 0.237575361  0.609837649
 0.117954920  0.595042748
 0.151389638  0.493010223
 0.149728823  0.682516471
 0.123663018  0.490849385
 0.011738367  0.632391437
 0.104101512  0.480915973
 0.123116177  0.509812265
 0.143097727  0.608312938
 0.097027991  0.568521819
 0.212555894  0.550364114
 0.136129639  0.667587723
 0.107448738  0.633948452
 0.093764442  0.527650590
 0.219728716  0.535938020
 0.154881692  0.525972775
 0.126876334  0.561577091
 0.144878964  0.471270793
 0.074524778  0.585603698
 0.204623951  0.585247614
 0.144256340  0.597045407
 0.139996239  0.479807233
 0.153911014  0.647825435
 0.145246267  0.466804809
 0.116670065  0.465764310
 0.039555680  0.522499533
 0.154093543  0.508772051
 0.168378874  0.554705716
 0.122986234  0.620842364
 0.090289620  0.450522084
 0.224554575  0.473646151
 0.154164325  0.586293451
 0.152690329  0.535897863
 0.109801239  0.541226989
 0.148869147  0.504052246
 0.547697283  0.290897576
 0.533264942  0.349685330
 0.497724180  0.309865535
 0.459557133  0.392408768
 0.543400858  0.365298364
 0.584820826  0.234050078
 0.597428608  0.277582544
 0.469722410  0.288409110
 0.658235438  0.290456224
 0.562907276  0.236032989
 0.648323591  0.388714093
 0.592260382  0.257676710
 0.565391918  0.397897739
 0.490655151  0.415290764
 0.469744667  0.368692940
 0.576079103  0.344681372
 0.705435705  0.336229174
 0.557834403  0.300744537
 0.522965683  0.448358801
 0.529122244  0.302311111
 0.453805606  0.303553300
 0.546673573  0.340587959
 0.471729248  0.205973433
 0.544755339  0.320400735
 0.516832191  0.389047733
 0.685189117  0.436617624
 0.496779787  0.352971926
 0.501015945  0.269789347
 0.630480665  0.250665810
 0.568427152  0.355671929
 0.590895867  0.420032489
 0.547795057  0.301279256
 0.661376256  0.275110431
 0.703796885  0.293078410
 0.446209209  0.348004419
 0.538565863  0.381130304
 0.472586318  0.306941319
 0.551332909  0.257600417
 0.586150794  0.319646368
 0.590072392  0.336071193
 0.544513373  0.302328741
 0.528134404  0.301120760
 0.593708014  0.334683087
 0.518251175  0.365217471
 0.514831782  0.338573246
 0.446798056  0.334846612
 0.482212747  0.335259830
 0.667417372  0.286370010
 0.666373417  0.310414128
 0.650619980  0.288749131
 0.054918935  0.757232378
 0.071685515  0.852548538
 0.032326214  0.882362765
 0.025813188  0.842044105
 0.014604952  0.803325489
-0.015042043  0.884874746
-0.042713769  0.770639131
 0.101317489  0.774652597
-0.017106438  0.795187961
 0.144521858  0.813890264
 0.032586852  0.809170599
 0.099882642  0.733587002
 0.141772726  0.843342408
-0.003734445  0.808808369
 0.161611159  0.700967330
-0.035967455  0.785039462
 0.144096679  0.758766879
-0.011877898  0.994872583
-0.130013767  0.784845410
 0.193543057  0.836479802
 0.135874817  0.771567489
 0.102333050  0.811775088
-0.039516231  0.734940827
 0.021431111  0.800383504
-0.079126903  0.867001627
 0.063811627  0.775794316
-0.104820697  0.918528444
-0.032214878  0.899884586
 0.130502602  0.788299659
 0.010289396  0.733809910
 0.026796300  0.723589254
 0.048427817  0.874091597
 0.016414559  0.827170688
-0.019143831  0.802327892
 0.084996496  0.772104070
 0.037153235  0.883935976
 0.107336308  0.756481438
 0.033663063  0.837393767
-0.008829294  0.896061039
 0.107360075  0.764777043
-0.101300793  0.865624408
-0.046559043  0.745318879
 0.024108995  0.823820660
 0.082352574  0.832733048
 0.062901471  0.936856597
 0.018864187  0.817233934
 0.013947719  0.820616229
 0.147547570  0.767393689
-0.071264155  0.757292743
 0.006996969  0.771389874
 0.343654927  0.510080894
 0.316981350  0.601095676
 0.321985812  0.478851389
 0.435029468  0.421421866
 0.279882110  0.521181108
 0.535950832  0.512992803
 0.365459785  0.484832309
 0.360092744  0.611158527
 0.339307227  0.492040299
 0.376277147  0.519411687
 0.396955967  0.548626031
 0.369698213  0.482764606
 0.350087648  0.356083768
 0.389235945  0.443387895
 0.320201555  0.571123686
 0.368982570  0.494423887
 0.392941786  0.498896527
 0.413558162  0.566311548
 0.376857409  0.521679534
 0.457597719  0.633366881
 0.376055072  0.492177290
 0.423428574  0.540763269
 0.352312251  0.508368900
 0.367062397  0.513715201
 0.393980396  0.611436785
 0.376055279  0.564605826
 0.219119180  0.453893399
 0.404880866  0.449234178
 0.384874465  0.523975369
 0.351168512  0.500303812
 0.386612036  0.470146843
 0.389107282  0.475274236
 0.312120682  0.461963677
 0.438155544  0.484708783
 0.283573635  0.458427227
 0.331969388  0.676223681
 0.419137234  0.532152639
 0.311130750  0.483561220
 0.294108669  0.407343168
 0.288913683  0.553990177
 0.452140749  0.517224199
 0.384931236  0.406215268
 0.486223524  0.428160424
 0.309990348  0.482652832
 0.303774328  0.483710954
 0.427350989  0.460729260
 0.479872177  0.548622280
 0.332627721  0.557575534
 0.387060514  0.518727040
 0.396848951  0.464332886
 0.458896956  1.070555908
 0.414737681  0.968474135
 0.424192362  0.873745821
 0.485400320  1.085434727
 0.568418587  1.036369021
 0.543259909  0.838788990
 0.375375096  0.955600666
 0.530744588  0.979328241
 0.562636288  0.989680781
 0.413893867  1.109433061
 0.519894751  1.037156016
 0.377638203  1.015933831
 0.506069687  1.043277439
 0.592703077  0.973668620
 0.489906560  0.921183449
 0.475129240  1.046270896
 0.408463334  0.824423730
 0.553018919  0.992512344
 0.467710671  0.876829879
 0.399996391  1.027087041
 0.522583527  0.917062435
 0.471045836  1.048025181
 0.430753019  0.909775323
 0.490996492  1.036794877
 0.429931054  0.885896243
 0.463437043  0.888658371
 0.556142908  0.883699798
 0.444997478  0.898404483
 0.382085371  0.932847858
 0.464046303  1.055909229
 0.408843252  0.962311722
 0.604016407  1.036301422
 0.331118388  1.026457511
 0.455729526  0.919845490
 0.591242599  1.014686912
 0.566944744  0.811901644
 0.594794410  0.918464700
 0.512368060  0.986865895
 0.535452189  0.959844861
 0.439735168  0.961310827
 0.517326767  1.104518370
 0.594459708  0.984986270
 0.618162708  0.978636391
 0.497511891  0.909523827
 0.396620450  0.900476242
 0.449410206  0.983235790
 0.583283260  1.026550432
 0.588789053  0.840617651
 0.410718524  1.096402908
 0.583961779  0.961681111
 0.722469300  0.038786802
 0.834262524  0.024702033
 0.877167802  0.071076546
 0.784325572  0.133419550
 0.787955739  0.072748162
 0.871169065  0.105725043
 0.678909359  0.035706417
 0.841190114  0.015354932
 0.777414424  0.063733212
 0.751385215  0.034170919
 0.839590030  0.207922018
 0.813980876  0.072892955
 0.858048050  0.015765630
 0.796894703  0.138787664
 0.962129079  0.028367175
 0.781890064 -0.055229495
 0.707380088  0.087741006
 0.768916660  0.126216057
 0.862119442 -0.020932697
 0.717504823  0.067049535
 0.810676938  0.094344823
 0.881590356  0.097267014
 0.759522390  0.018650328
 0.762214621  0.199361557
 0.710655838  0.103317260
 0.692542731  0.064900541
 0.878974671  0.109736448
 0.811153634  0.107331757
 0.694504521  0.001657203
 0.837142423  0.178326190
 0.777923177  0.004090008
 0.825139021 -0.012121612
 0.790789187  0.072543514
 0.801259362 -0.021082855
 0.668780797  0.109466498
 0.864892896  0.070715686
 0.743537302  0.042859778
 0.834907226  0.012800715
 0.816063871  0.184900179
 0.850656913  0.026016272
 0.700449219  0.127659749
 0.859928707 -0.052061540
 0.682557280  0.037317704
 0.810745366  0.034321897
 0.918047130  0.041530937
 0.930004715  0.077853283
 0.849937041  0.062898141
 0.738045774  0.060813188
 0.883191904  0.052199883
 0.731505796  0.083424380
