0.109752617290578 0.342500322117913
0.0163488788563007 0.350566784893743
0.104202040262671 0.31786429139648
0.077983134334803 0.254015510557894
0.094484220688766 0.282868081942669
0.109243082266554 0.330970204099062
0.0215091343764802 0.29952845397226
0.0277568477468253 0.358293745427995
0.0438233310427588 0.371934521601121
0.0725155827224291 0.320462359040425
0.069488533529911 0.330158172661617
0.179559774928351 0.343384828822068
0.0638200361087381 0.334241561513369
0.054039926223995 0.293421447745664
0.0565750652021703 0.36253882858753
0.139262996726604 0.35747738384557
0.0691433470571337 0.348804842042999
0.0887422608661668 0.28899495630707
0.0877687168381373 0.400080583553133
0.0724893456899176 0.287728306541479
0.00688084891554337 0.370698065027304
0.0610226938680334 0.281905494289328
0.0721687959659377 0.2988440530745
0.0838816710744068 0.356583621874176
0.0568763054221854 0.333258684255561
0.124596972706872 0.32261491883589
0.0797970858200686 0.391329582712367
0.0629847859028265 0.37161076310313
0.0549632635486886 0.309300602885165
0.128801569860811 0.314158565984132
0.0907892488312661 0.308317093720454
0.0743729417568916 0.329187792271391
0.0849258046135759 0.276251639171046
0.0436852705220761 0.343271817137894
0.119947390581037 0.343063086212609
0.0845608320688266 0.349978769728881
0.082063626848888 0.281255568075007
0.0902202524228524 0.379745235592069
0.0851411119428855 0.273633748525505
0.0683901849577224 0.273023824128374
0.0231869269236156 0.306281133058369
0.090327248095394 0.298234295739955
0.0987010878568811 0.32515989867963
0.0720926253920723 0.363928177322517
0.0529263767150766 0.264089067339583
0.131630413657117 0.277644037237858
0.0903687394074257 0.343676139662658
0.0895047057834885 0.314135026572739
0.0643637855502787 0.317258877689159
0.0872647880827731 0.29546761915574
0.32105166381121 0.170519653232327
0.312591649064814 0.20498012404212
0.291758204884267 0.181638376996478
0.269385273116207 0.230023941638774
0.318533166025107 0.21413224273693
0.342812909697684 0.137196530436401
0.350203396219541 0.162714587715324
0.275344001039916 0.169060953007887
0.385847418106327 0.17026093952619
0.329967526114669 0.138358882150568
0.380037246923148 0.227858180381945
0.347173862190883 0.151046096153263
0.331423984769541 0.233241491418296
0.28761444957924 0.243437013266375
0.27535704774857 0.216122090608302
0.337688647078827 0.202046881370654
0.413515483519541 0.197092333822238
0.326993886537653 0.17629178924735
0.306554382968001 0.262820984352864
0.310163263664978 0.177210090660912
0.266013817076311 0.177938242611993
0.320451580865828 0.199647386074424
0.276520378390869 0.120738436026817
0.319327141807256 0.187813948052915
0.302959024961501 0.228053754982074
0.401647247240742 0.255938488258846
0.291204616335715 0.206906675710033
0.293687786539915 0.158146336345601
0.36957800007755 0.146936415167655
0.333203191926493 0.2084893756473
0.346374004633354 0.246216539015063
0.321108977415553 0.176605233242692
0.38768851696865 0.161265473366186
0.412554832619823 0.171798024343393
0.26156092681828 0.203994800050165
0.315698966847112 0.223412680738225
0.277022779549399 0.179924246871528
0.32318281145887 0.151001374378393
0.343592516338924 0.187371749802181
0.345891296343459 0.196999727807064
0.319185305085956 0.177220425093835
0.309584207157993 0.176512325342494
0.348022441646381 0.196186041570745
0.303790811403139 0.214084824513311
0.301786416190767 0.19846639252045
0.261906099808814 0.196281897392846
0.282665643121922 0.196524119383962
0.391229725594796 0.167865664172252
0.390617775343996 0.181959953715721
0.38138335458534 0.169260268051377
0.0321926290375439 0.443877890934542
0.0420209385298584 0.499750747539704
0.0189491259342567 0.517227385603645
0.0151312909756968 0.493593211622106
0.00856119664096062 0.4708969586497
-0.00881741261489837 0.518699869956853
-0.0250381497786208 0.451736721881045
0.0593907427081831 0.454089353484203
-0.0100275289877297 0.466126865781245
0.0847164746077213 0.477089866113038
0.0191019078927395 0.474323271594655
0.0585496576216527 0.430017337775213
0.0831049760116316 0.494354256730816
-0.00218907381481652 0.474110937979367
0.0947339581514922 0.410896191306835
-0.021083565007944 0.460177972861255
0.0844672412636742 0.444777391652295
-0.00696263982649672 0.583178898209554
-0.0762120563846452 0.460064222584597
0.113451942154254 0.490331503391028
0.0796477131106997 0.452280910960969
0.0599860488359876 0.475849982704573
-0.0231638025308556 0.430810929020323
0.012562585313889 0.469172412612181
-0.04638296491308 0.508222924442326
0.0374053873457874 0.4547586114775
-0.0614442689753141 0.538427146450025
-0.0188838624955807 0.527498405671956
0.0764986038899012 0.462089049844272
0.00603148455898476 0.430148002992109
0.0157075760023157 0.424156812756386
0.028387636209243 0.512378955037189
0.00962196023469642 0.484874644956497
-0.0112218172064049 0.470312182740444
0.0498236294134088 0.452595446431869
0.0217786508769642 0.518149577523805
0.0629188811782959 0.443437701538126
0.0197327661111139 0.49086725551729
-0.00517559538263828 0.525257101644872
0.0629328130255601 0.448300456695469
-0.0593809557715936 0.507415619996774
-0.0272921898365665 0.436894382353282
0.014132319435965 0.482910910432705
0.0482738032896829 0.48813521423107
0.0368718679963263 0.549170825847165
0.011057894225113 0.479049873675712
0.00817593683648277 0.481032522615108
0.0864901001157622 0.449834294050482
-0.0417739438244574 0.443913275962527
0.00410151484918989 0.452176795799112
0.201445195210636 0.299001519233407
0.185809557530019 0.352352974680585
0.188743095638478 0.280695267127624
0.255007535811175 0.247030970291895
0.164062557685706 0.305508292744936
0.314166076180083 0.300708435185585
0.214226865226821 0.284201189790968
0.211080788924681 0.358251662069608
0.19889664081375 0.288426401881777
0.220567835277147 0.304471085561944
0.232689439259347 0.321596081503093
0.216711366069861 0.282989134319776
0.205215956622069 0.208730789289975
0.228164081941189 0.259907116251844
0.187697191822087 0.334783858389692
0.216291867228117 0.289823624247111
0.230336388534263 0.292445416536755
0.242421388810881 0.331963057631056
0.220907975873657 0.305800462345833
0.268236694979487 0.371269855191096
0.220437658351948 0.288506703884073
0.248207271438862 0.316987052207887
0.20651998444298 0.297997974868308
0.215166291557778 0.301131893703698
0.230945205628854 0.358414772599168
0.220437779692142 0.330963189815208
0.128444269298937 0.266065279973053
0.23733489230149 0.26333411679123
0.225607449921747 0.307146245261806
0.205849542356972 0.293270345205804
0.226625987128075 0.275592797090318
0.228088661683497 0.278598395446854
0.182960309237082 0.270795951933167
0.256839993141441 0.284128780763108
0.166226472461326 0.268722939720534
0.19459531325042 0.396391847526457
0.245691754400995 0.311939634275082
0.1823800264321 0.28345609710753
0.172401946211134 0.238778255594394
0.169356725884971 0.324740460801075
0.265037903690489 0.303188813979145
0.2256407282026 0.238117098084849
0.285016698474931 0.250981008615508
0.181711540443804 0.282923614132284
0.178067805802009 0.283543868859046
0.250506530356142 0.270072355808103
0.281293637241866 0.321593882724993
0.19498121785786 0.32684214153957
0.226888877985035 0.304069756095292
0.232626708137757 0.272184745551423
0.26899828758453 0.627543291037872
0.24311280457868 0.567704536887163
0.24865499213387 0.51217626650184
0.284534149041038 0.636265024272206
0.333198171256159 0.607503467411659
0.318450543904518 0.491685113628771
0.220039066953145 0.560158308761229
0.311114256588699 0.574067045701148
0.329808677146502 0.580135544294872
0.242618173882023 0.65033247594404
0.304754250196389 0.607964791690606
0.221365665222454 0.595524675561786
0.296650211821059 0.611553075036248
0.347433363142818 0.570749463534886
0.28717563713024 0.539983469256682
0.27851340103755 0.613307793162898
0.239434879552934 0.483264420725534
0.324171124405645 0.581795362666358
0.274164750798677 0.513984093531338
0.234471688713908 0.60206251450764
0.306330369040155 0.537567794681774
0.276119772862087 0.614336127857137
0.252500747646856 0.533296202500115
0.287814538386285 0.60775309760262
0.252018924495572 0.519298655675913
0.271659616260863 0.520917772325903
0.326002358368838 0.518011133638452
0.260850628875025 0.526630792219212
0.223972526220243 0.546820965138188
0.272016755035812 0.618957634675836
0.239657581599845 0.56409222583843
0.354065061952515 0.607463841924925
0.19409647023187 0.60169349377266
0.267141589180011 0.539199178415018
0.346577253561095 0.59479375095797
0.332334227318452 0.4759241678715
0.348659270153997 0.538389780704579
0.300342220515857 0.57848550172247
0.313873779377146 0.562646190130342
0.257765944262867 0.563505516692659
0.303248937752032 0.647451560205285
0.348463073025918 0.577383694661669
0.362357404481488 0.573661493947466
0.291633764360689 0.533148779440429
0.232492764390892 0.52784522525478
0.263437301678268 0.576357590399494
0.341911612324406 0.601747962623573
0.345139022899766 0.492757046382173
0.240756836999471 0.642694402084242
0.342309349652377 0.563722571437994
0.423500313068963 0.0227362225494479
0.489031769371658 0.0144799491257827
0.514182178759726 0.0416639703346018
0.459759501600958 0.0782084736258276
0.461887449267375 0.0426438457415306
0.510665812046955 0.0619743825927683
0.397966150370609 0.020930548575657
0.493092615325684 0.0090008233002463
0.455708293692656 0.037359421687386
0.440450374552787 0.0200304634319467
0.49215467086917 0.121880666371471
0.477142981463916 0.0427287211553789
0.502974476290152 0.00924156810639487
0.467127331505294 0.0813551789039479
0.563985163340854 0.0166283985954587
0.458331844535832 -0.0323746744991665
0.414655250716882 0.0514324186646903
0.450727036060828 0.0739858976067634
0.505361063217273 -0.0122704227472056
0.420590213548161 0.039303398862247
0.475206264184219 0.0553034739011552
0.51677461141197 0.0570164170024708
0.445220260498109 0.0109325333918532
0.446798404609359 0.116862656729381
0.416575444627593 0.0605629774931992
0.405957821864727 0.0380436918660005
0.515241337380271 0.0643258060696502
0.475485695995701 0.062916213452588
0.407107792775845 0.000971426729577055
0.490719921557649 0.104532050418468
0.456006516820994 0.00239749933797126
0.48368371323033 -0.0071055011983215
0.463548372596663 0.0425238842537983
0.469685827005296 -0.0123584430409535
0.392028944211208 0.0641675655610044
0.506986818993031 0.0414524397920942
0.43585004951138 0.0251237379928341
0.489409683698033 0.00750358085804693
0.478364000868645 0.10838562094335
0.498641906264775 0.0152503356708545
0.410592482663845 0.0748321674952904
0.504076888293369 -0.0305176683477794
0.400104505156828 0.0218750600572438
0.475246375617913 0.0201189643969933
0.538145007638474 0.024344791981538
0.545154358750069 0.0456363885966456
0.498219928448735 0.0368699160019059
0.432631000858064 0.0356477488479049
0.517713414042608 0.0305987628715341
0.428797367054573 0.0489020793652881
0.529123294485073 0.204655230792524
0.0551422289826693 0.0135201183444565
0.0558283748652276 0.215280344849013
-0.0318634999142352 0.614793787875349
0.287349337286661 0.454491298898373
0.217399823147259 0.625326393394426
0.454118384375296 0.524224194162165
-0.0987114619934279 0.108921241848129
-0.0849977333499912 0.599350104322488
-0.0862038134571955 0.56869200722759
0.317339605641204 0.674818013851777
0.552855213088724 0.636419722742027
0.263529025181247 0.054874533303349
0.24629841385062 0.424561605242219
0.0777832694294267 0.455751499898142
0.472021924049821 0.288789639612441
0.292604348821615 0.380774550052582
0.0241166562805532 -0.0151573233881223
-0.0532106136619917 0.530840248008968
-0.0115091232360609 0.417639075506702
0.522053202489554 0.507729370716496
0.543037555030221 0.663340958224568
0.298850335416334 0.249475408973687
0.254226612843374 0.0181822745770962
0.186786323276694 0.359376045968468
0.103291082263027 0.162260012245923
0.0926805807559104 0.201018186787903
0.18117650718726 0.505952556172295
-0.0891899653779656 0.49772626613278
0.210845919996259 0.1277864858082
0.137321445045146 0.485120565761703
-0.0984423842616128 0.674895445098657
-0.0764947114397536 0.494822248610399
0.495816607145642 0.382366997166473
0.167866349127486 0.0516381429625076
0.0786249268933132 0.491896181028167
0.457732732893471 0.334843883876777
0.450681554155527 0.250809415338229
0.587246841456655 0.496072146251703
-0.0290236255390194 0.153341782278444
0.259524567985593 0.223364771243456
0.47622216334587 0.387041136860611
0.452251701283102 0.34661827585652
0.577980041371644 0.127565860783566
0.36025727149471 0.528520951205524
0.388076909406437 0.325191785535436
0.477856897122379 0.389801690022252
-0.0577042764001905 0.3195456938818
0.336216402661793 0.228757166813386
0.486143019108177 0.215128201153465
-0.0389940300625322 0.165399296241574
0.469589652897597 0.562581379089858
-0.0400197648003679 0.651011025202064
0.0536305603019356 0.326634864707607
0.000642071798992498 0.372859230838956
0.39271665035071 -0.0636502565695687
-0.0333200450660907 0.0945002373793927
0.290967576129251 0.188921472289984
0.415558232559335 0.363244819064519
0.29606813440625 0.602413990649605
0.0696170840763505 -0.0178721042131887
0.301709849085254 0.476298091677959
0.0564731705416746 0.165379647430471
-0.0745489701125006 0.548027866417825
0.22544705788318 0.167039017567809
-0.0729646064481623 0.44061311684534
0.0484044901315338 0.566068493307518
0.418742477143642 0.482002827812519
0.356240377027381 -0.0279847740515466
0.284284898359341 0.084393647246304
0.461674563146126 0.143893038792384
-0.101248746104114 0.149280791165292
0.466690904683298 0.421242365335361
-0.0895355007287844 0.00523411183171112
0.490075173918757 0.574145555078006
0.326683778696335 0.418709287644536
0.567235550702298 0.416282604971171
0.327453769919524 0.463043923584867
0.0435194411683548 0.0808446270063065
-0.0491161398186173 0.567483960747796
0.191953906454787 -0.00233417068306671
0.0208418854428129 0.406076229651236
0.201432672113674 0.275959441935869
0.305593683381352 0.186938628605294
0.58008618015169 0.162550160098789
-0.0209438542614586 0.408224712007384
0.154865715322372 0.179065255888115
0.586958027965946 -0.0170629965950277
0.0397015588240787 0.0197967458141282
0.307969423467478 0.54481034100357
0.361581107496876 0.367725516984439
0.21367248102497 0.394280947928965
0.147068808739275 0.325156544905534
-0.0442879003065981 0.410775468721256
0.459028738770628 0.439000353575781
0.41286296640532 0.0242346940758
0.35099923018597 0.40216607190398
0.465397392110835 0.445965074804515
0.0915692171396216 0.360627846453073
-0.0122545802556054 0.026895995505652
0.528715241310312 0.585282126530869
-0.00477729308320353 0.275420540695232
0.0624254020643418 0.363271423821129
0.0822697529882909 0.320538076083446
0.453713905671297 0.241488252956606
0.102058270945162 0.135120568058829
0.470048315128968 0.505897241754774
0.0192310804563901 0.41532092570173
0.509718241597134 0.104318145784781
0.139820667640305 0.199822350190084
0.405506470083792 0.103819866866343
0.0038652485505723 0.435932360310667
0.325952437804302 -0.00948292514408412
0.139999486986249 0.0992851103564102
0.484066101721104 0.0584183395634326
-0.0327124060715537 0.254742152920185
0.203332658210275 0.0389225476952116
0.283745384494933 0.155506962794316
0.0329194078598282 0.347708461189593
0.498733866158829 0.166930916160109
0.115002829223369 0.39488885992304
0.434299199526633 0.481502571219862
0.242054671383472 0.156027336811355
0.51497987751333 -0.011621255731327
0.0655043193155585 0.420326334852621
0.0885571759011478 0.20558635083316
-0.0817676640209346 0.497071187703912
0.388744715399472 0.539769767280429
0.124484268627798 0.117809703656489
0.46670502524788 0.493423221890464
0.322580506471731 0.652061638824984
0.0137754362818017 0.364061786732865
0.559226957752066 0.17083462758318
0.491807084788027 0.39704258149482
-0.0126804849135135 0.562390560778914
-0.0934174888750713 0.116887074033267
0.126715793748598 0.290211045332813
0.0156135579541092 0.111673571144638
0.227860167794914 0.13395175453471
0.00290704437547939 0.225766000014139
-0.0171830157113752 0.668225203854528
0.212791367490874 0.165104807669815
0.367727455903983 0.447684274450073
-0.101689339107234 0.579586744611349
0.168823329821597 0.517760393891436
0.307770329176462 0.646074308904652
0.501241130861278 0.617532334263406
0.307300921183118 0.629592914716875
0.389108776503749 0.0774380373388155
0.47886083730082 0.265903092614074
0.186511856476804 -0.0036710388482274
0.544890345327429 0.460538469542802
0.589865957957194 0.047544778628009
-0.0942722307655161 0.359616406201492
0.104847262480112 0.138387810292716
0.170018071242803 0.610121352117978
0.267829121067355 -0.064817786401738
-0.0624503896897182 0.65401837808624
0.0988056770765202 0.580224904418449
0.0489496152461909 0.608826514918823
0.253754816555995 0.21042661796556
0.490813037468094 0.141025596413789
0.272332636566095 -0.0140346130688926
0.264073917431894 0.653622309612379
0.20705346239202 0.0823937293195791
0.137281366141771 0.0618851598819259
0.248073337183909 0.464570122029799
0.196092681977533 0.506297134491531
-0.0389708411127915 0.27631367379381
0.186359768834528 0.1996564940358
-0.0777978154786332 0.197671587506341
0.305804357439173 0.0451970185624089
-0.00558176921479088 0.174025044402688
0.432073160925114 0.276511177817772
0.207614572955365 0.630246483383813
0.303888599694925 0.0877808204816031
0.222304809838187 0.655854073871477
0.485298274265219 0.537028831910986
0.208031575207402 0.144395229772991
0.118282944265475 0.443636587117211
0.592488418858196 0.236215506589228
0.370953171152637 0.229321522832945
0.402976871471434 0.668313782279222
-0.012129413303315 0.255247388660372
0.21135675099653 -0.027352308228763
0.520511243574974 -0.0481902150134435
-0.00622081083306766 -0.0620474202256685
0.338206280017803 0.627273898836051
0.0846639741285029 0.568902786115915
0.394202917462774 0.195025856339779
0.480566191319849 0.0795652389740401
0.0028010064538374 0.0321814568198803
0.527968023102631 0.576354858671076
0.333396718927319 0.0470630667837552
0.279491412280626 0.471196132769677
0.0161225186471874 -0.0495260741003458
0.459889729534721 0.587781974913634
0.00481068530311136 0.319100783777057
0.0263625341726004 0.0553836257273202
0.0853034507439801 0.108477044477196
-0.0468825105406004 0.319255863403147
0.126517761067674 0.446606169665917
0.00724989997695039 0.682383830801773
0.109191852975971 0.29156121044359
0.582362199060561 0.528415670590399
0.392764114182002 0.109838173105834
0.0122655284605325 0.646786664704424
0.205633662260575 0.548159798405541
0.434128486871999 0.405975134660482
0.407860540670164 0.0803202165009858
0.545516376798987 0.683780269633788
0.131852710527906 0.541855543782149
-0.00728219479934914 0.46679643204391
0.452913621420552 0.589492299472315
0.198766469590141 0.104768648054724
0.271499826948552 0.494941717657958
0.558012984097249 0.362751369982273
0.192281451622935 0.142412179646101
0.000952527674026657 0.0667582655192401
0.111671490508282 -0.0418739474868806
0.380704885969122 0.553188222532034
0.583083385635625 0.0980748943057854
-0.0116067422281302 0.443441066550652
-0.103979468391859 0.432520371776572
0.327153743459801 -0.0101779305108979
0.413885056007945 0.403445779238189
-0.09376150773395 0.389419823474925
0.502187938504126 0.244672229059867
0.0339367839793767 0.0593029903060078
0.328340272193023 0.259374153169777
0.277333835533551 0.415155938427265
0.582705944793128 -0.0572500007151752
0.24184928697049 0.494940410833267
0.0799152130585092 0.276760840918158
0.0127008802979125 0.418213811643372
0.575566727519024 0.430606385503278
0.476407782748164 0.359486443125592
0.209010610440346 0.11053791507688
0.367527810594601 0.526624600493761
0.507895479253631 0.061914944163865
0.46950294268874 0.553163271941746
0.188770294728136 0.446840928971338
0.408623911784845 0.442272694826862
0.416872621710701 0.10108742664601
0.254277530522856 0.39449062801203
0.34694704507119 0.136545823102568
0.380970973280062 0.58965801823213
0.474303372289069 0.337217929221797
0.232704270818364 0.131389245686763
0.0251736657887769 0.351149528982732
0.417320931271639 0.539883709530309
0.27813550135644 0.0419960504084477
0.316872497693504 -0.00177100442250338
0.163090103037931 -0.0133654171830491
0.524349356329286 0.479568328375236
0.286522074171012 0.430539005958667
-0.0877910005771065 0.281793776805638
-0.0151382843374087 0.13095018098065
0.0561562694115586 0.156083250051455
0.597366718216155 0.303082789414538
0.406925031451014 0.293272615055989
0.301117312398131 0.343488214639872
-0.0554545492677103 0.134441375498603
0.12540758527147 0.250032048646459
0.0446227690864541 0.650709738057544
0.195734041493829 0.226266219103714
-0.0101069473111758 0.677942836904281
0.0858078795451819 0.0128728374022202
0.416921895866571 0.298592941443554
0.581423556448278 0.550202811754913
0.314509477043841 0.476335000143531
0.451850109797015 0.270279071413615
0.421672660520194 0.385448360806134
0.513600128841161 0.156868883368881
0.55027961849358 0.325266277346813
0.536714965379202 0.247548949946345
0.522358972982955 0.44597666991634
0.254332195225825 -0.00767506610923295
0.264668813489931 0.0828971007710347
0.582256277981763 0.542631246493706
0.351175527468433 0.00319566457022111
0.514139043536777 0.666733265701919
0.0254211648986062 0.155918647446455
0.209577342935776 0.0211388910484999
0.119695631937972 0.509406331201369
0.342019953061628 0.0693119588646467
0.51049034305797 0.273890658185842
0.220579081450851 0.106227050039941
0.122341772331459 0.190204009003923
-0.0440892091316121 0.49751057416544
0.588735951251595 0.42031062106118
0.212248979391091 0.0472459659859221
-0.0204833802264852 0.288067574720333
-0.101022638108977 0.101421589272781
0.354292592347204 0.538170548932472
0.309287374764412 -0.0634676468771764
0.382155278055175 0.0829572613228179
0.539064956490506 -0.0421468463754088
0.569150189483215 0.565866539735626
0.21903732877786 0.639850220273923
