0.391505025066059 0.703786910722871
0.40154437518625 0.638491293494077
0.437370044012195 0.614582523332336
0.350589174807657 0.65643126697785
0.461499495090644 0.622251348480792
0.417152426395581 0.632003742202871
0.414577262021894 0.705702543977843
0.44846652527011 0.634456584170764
0.39739281912146 0.72925079498205
0.436122993921352 0.675961344067445
0.399042988395775 0.632560007994396
0.426445122638803 0.673194854682128
0.436411365747235 0.643848216472967
0.43425066874082 0.671487463979523
0.464874520040888 0.742715137664402
0.423716638325718 0.650698763753
0.445204863703634 0.64651759613613
0.470024077831859 0.651752675210812
0.401414572763332 0.725291248554238
0.389574306630274 0.594066237071064
0.38336547347908 0.605879346398648
0.412166619209379 0.632806388796362
0.420863382214097 0.65534991830594
0.400772160624485 0.689523489797328
0.402035493823192 0.726737863253276
0.39354946693296 0.662878381873372
0.386399967922715 0.608640137934294
0.391936517051348 0.660087537761106
0.405698352535995 0.623712482858767
0.421421153110615 0.681655243256537
0.487517358372224 0.64089335272427
0.395320952755888 0.637352230838397
0.436316926264708 0.64061168661294
0.377832040299245 0.63265997199525
0.369155017660015 0.717226269599263
0.371031861501691 0.649052138736597
0.486841190121393 0.656318634396508
0.468630665147777 0.602758276629343
0.423944038341639 0.693652553610578
0.450714245988297 0.614897305768911
0.377247740337796 0.616371598605923
0.396592383673767 0.604005465251415
0.384764421389218 0.678930767649059
0.379428775334758 0.585719575273935
0.367903881901771 0.595836972683811
0.424139297774014 0.63775062657543
0.450705068796313 0.63983015565873
0.405581290970729 0.620780041761378
0.342188522639112 0.676032561834474
0.418074144261005 0.605706752549157
0.529519375110826 0.512432598065161
0.509008383820967 0.56025127273856
0.61067242251471 0.522001084554065
0.535665598838933 0.549109887285525
0.568639314549888 0.405873692248441
0.541604977373154 0.555744429579747
0.543891139503483 0.546076396022141
0.573799924054446 0.519982250218269
0.594741200033281 0.457482018516807
0.657237091758807 0.456044231000899
0.608789052312921 0.454815180600538
0.608508577436313 0.58632877337952
0.613891517516898 0.461800230326773
0.599253230416995 0.478352711830721
0.578416740931935 0.566964987972355
0.575743148447104 0.455786680700341
0.575339515961928 0.498948443409393
0.647602066110703 0.49669778408915
0.561663740493549 0.632651777237295
0.45176799214556 0.486671153411155
0.485442612297099 0.515783112357169
0.646744810774513 0.482076621322979
0.587294861392139 0.400195315918537
0.567710330152665 0.486840257210606
0.549871932852017 0.510625260092527
0.605416676856083 0.481354894367164
0.583469352293601 0.452597276888959
0.584293077718558 0.565694398280344
0.564277468749016 0.553766328109849
0.548747488252524 0.461301121717171
0.499445780559272 0.522147506039808
0.473724232229926 0.47224339228658
0.556726332237137 0.525057729271183
0.579816406259837 0.504916237576342
0.558628683894203 0.538210839797967
0.529404271721287 0.544055640318433
0.611213802556852 0.482980012242989
0.549517072728641 0.487485215111745
0.543609445284367 0.46592575858214
0.635317609296382 0.5192191887561
0.522569461454999 0.499010129960187
0.521249417452773 0.518601631261244
0.542546985713582 0.464322720041101
0.54734406585062 0.452676877468413
0.585377428569658 0.482681142828434
0.539841763939208 0.580463505037309
0.611145449776251 0.53307670314277
0.562555933807181 0.443122336456541
0.585516303784212 0.466200318108356
0.612485763507258 0.433834199697676
0.208580483573496 0.473661832945998
0.220848852695985 0.439865455221308
0.100330970748311 0.455336745323098
0.158557332009984 0.541411880232568
0.139730085413516 0.514180616564084
0.182030039325118 0.549201463789324
0.120058710485945 0.557404542317818
0.161998239601865 0.492378933830912
0.102719412425637 0.500250687152567
0.166947112488617 0.536132284448667
0.168562662340393 0.456028494656387
0.139733934172438 0.538539876897216
0.15232862130054 0.564620596548855
0.168961725302717 0.49751168918922
0.153312792657764 0.525531772428401
0.199631540193726 0.4998258982049
0.135404820557075 0.490384298290778
0.184606216248319 0.510024962116467
0.135392782394063 0.463174260685018
0.198921668031085 0.515020959044166
0.15220769491476 0.530371293983158
0.127693650360451 0.56055699844509
0.130310451733804 0.479505527893565
0.118974106664775 0.563753646034349
0.17290094913234 0.543462321103986
0.184455524386871 0.469850882341911
0.137840629876155 0.542828706032784
0.22540642773079 0.532721762042202
0.154235604049892 0.580883356383981
0.206015977404397 0.501248421854787
0.128828227147403 0.473235374262022
0.0849600729564879 0.427441619929225
0.181281030417259 0.518323277853212
0.154763572662928 0.579574446410999
0.180094424111549 0.509414196667221
0.1410772554365 0.515322585029404
0.147366004375885 0.55983359104524
0.153134729836284 0.577283255663988
0.122043960702636 0.466582733230836
0.193305819477844 0.559293228906474
0.180683691120246 0.530109243090747
0.0671540718863885 0.488489610020674
0.0898279137744227 0.504031823426978
0.0252100415093823 0.478651828861481
0.152754286274191 0.564627825603606
0.189741702746456 0.557553079918273
0.132131164996964 0.50155318118888
0.112039057342874 0.567815419808985
0.103011242178376 0.52221019510162
0.0944948608874458 0.465378561566855
0.107352371202829 0.078697908628372
0.0998079069438547 0.135580438670445
0.057828239910165 0.145673128667586
0.159741678315889 0.0446353936746368
0.121489996403362 0.154475335352875
0.0503674699288399 0.117655167566214
0.125159595630833 0.0950656215962871
0.121595442760864 0.123430784787938
0.0755488508662198 0.0517479035083268
0.104051163989779 0.0635591189065501
0.143203452143847 0.0584550455357004
0.107466312134666 0.155153937604088
0.145906258656363 0.126265280291169
0.0599629519380691 0.176264284589959
0.106870550889041 0.20230696236155
0.121128733058743 0.0402254413987905
0.0167703375882081 0.147250611877694
0.0899064616503841 0.0827126246161279
0.168067739113906 0.0763922965796735
0.0979487669916792 0.143862931062389
0.177029882445158 0.133029512577166
0.0692178847021665 0.111716751389032
0.184807284623041 0.0404403642348582
0.143057480382673 0.0848457980773894
0.0437529176240105 0.0754860453578671
0.0887164770565438 0.0846028383944654
0.0535590420551073 0.149339756500585
0.133257596549202 0.115904980083173
0.132308475600563 0.127288482654798
0.0876629450538366 0.150909416377047
0.115521922497023 0.0941710625440378
0.0973847842745542 0.0535566140778219
0.0432634359309602 0.128427037362639
0.0971599286824584 0.0848029283505568
0.0327345452252163 0.0897814107816909
0.0417853251197439 0.0180660529635717
0.123935367723393 -0.000697999969409734
0.0399498773538578 0.117480754741459
0.0366518402974778 0.0873045714572662
0.0381483008080293 0.180990794777501
0.10602621911111 0.156197358834792
0.0325985651125738 0.0889908826591719
0.159321683753357 0.0441272798659297
0.115745952924843 0.0732123784766829
0.04470967719799 0.0619557631490737
0.0964070777080076 0.120911299260499
0.0657100772345039 0.0719470830868507
0.090759838112167 0.0388132654293852
0.0682488440335992 0.122058422827536
0.143065950195387 0.0997295384223344
0.541685295370372 0.102999550008819
0.562240114059472 0.0718342765049309
0.489520412863364 0.11975693726945
0.499215803996342 0.176691578476705
0.512474154087636 0.177500280959516
0.538792967429133 0.155192283315913
0.575639092755752 0.0690788595794224
0.500047953726168 0.0482877353910119
0.506722616538102 0.136993081095244
0.512288354263566 0.128389647984756
0.587554284206601 0.0739679505524684
0.561284328888725 0.112125698922609
0.379230107498769 0.00673251131153436
0.553150398189623 0.0555559690489966
0.482687391456856 0.142564663232404
0.49693406482684 0.160916386328281
0.515482419282719 0.109204804771219
0.509779346247809 0.120654931494634
0.525224059099893 0.100936291987189
0.521425540837049 0.150980390543268
0.562081240824729 0.121239705273039
0.564544166126072 0.136588229267562
0.548950465279732 0.1882091284161
0.582280388949303 0.119333152840499
0.552596456644271 0.124555693165893
0.518870360429657 0.132782387588116
0.553239316499988 0.171790048470086
0.554508257871146 0.0816350142796963
0.542127825684588 0.100125589836206
0.549610049937086 0.0770037774389855
0.495485846645559 0.0645366012800452
0.500717768948231 0.00500639680835333
0.526641319901551 0.155260877020391
0.47314158728166 0.111808182000039
0.563422027034228 0.150491321766972
0.515865067298279 0.0441592457796666
0.473732707396504 0.149169355058368
0.528614605570858 0.137841730764423
0.503219121607823 0.106275527807404
0.542357266861127 0.0184356582974025
0.540984100482671 0.146596810731834
0.548560752840735 0.087564400496153
0.522204052212011 0.0898838455907416
0.480559703029175 0.114327338264847
0.587696275369954 0.116622676917926
0.522766106868894 0.0359306848666361
0.451340510204344 0.052444868843535
0.552689057743776 0.05208099816719
0.525908339123788 0.151676771638077
0.465587785214785 0.113079403447992
0.223208511331672 0.135143708598548
0.226352015798478 0.119444701264399
0.307005546360636 0.20526078344525
0.29267597510026 0.2137050736201
0.180148029673997 0.126815347646746
0.21381454006017 0.259287315528144
0.208834607401148 0.172685375132574
0.221272453755097 0.200996784192054
0.232759451200828 0.199724335370798
0.212655325460715 0.135879194315391
0.227177679322172 0.140729586221594
0.191530482888295 0.194081710136419
0.282291496173592 0.098844046807858
0.197406638982011 0.163687249151184
0.284478506751915 0.158228074733082
0.142690365264796 0.133082127005556
0.186931898594368 0.229776122296161
0.18910915911727 0.191686739422049
0.254387742358786 0.184141827446205
0.243067824282713 0.111836038153988
0.189381676144402 0.20758353990467
0.221433721505475 0.185254423275621
0.259957713652141 0.087058292378715
0.187450508653281 0.157255984369782
0.203311674486917 0.195119776164743
0.16502203301 0.226221235626163
0.275468835162992 0.165625716635753
0.165419881314448 0.178152975194012
0.227030245286916 0.180187434781644
0.215775079517962 0.202292069250605
0.216891559575649 0.157041291749862
0.145517623682479 0.20175026089935
0.229418355024679 0.143589873295001
0.21279766194829 0.14671670649881
0.185816742279535 0.258750604055336
0.189852393213664 0.154222734699507
0.279620573928388 0.1766177199163
0.206088721022641 0.101377356681158
0.2269302719168 0.184314402557172
0.12082946545056 0.179279181883966
0.204468261008423 0.106275719208039
0.230585425080964 0.172536071260347
0.218470846368663 0.217167669714701
0.264817991468063 0.238224226429818
0.31354865335922 0.174368976610106
0.218085212235504 0.116964737291147
0.239803029367381 0.20771810458954
0.275215591376721 0.116166342334838
0.189402485274973 0.144493574069885
0.285537713181139 0.159055932671747
0.365100711992911 0.490888892325663
0.496505093035475 0.584372731466309
0.0459079767507945 0.763502479070314
0.136307874938324 0.00338870062032562
0.167345910209913 0.0960914294720357
0.429799156096018 0.123542479522325
0.394675212264335 0.474261403052931
0.649899866390522 0.691880528819785
0.177561201376921 0.257838071965974
0.574376704536554 0.67360058948361
0.587800526769252 0.616920380337923
0.060840640745523 0.0901890079356888
0.0100664785701168 0.271377886350344
0.268473910687006 0.642261291209597
0.0920230878269468 0.240463406930201
0.324082638260154 0.104613709570242
0.00361156216077855 0.113429200956139
0.206168378114983 -0.0177761041225016
0.430329252114848 0.530905997596435
0.195756077338192 0.538766802615436
0.254899991186751 -0.0354139907788886
0.553209054445921 0.625232532394023
0.284269514612066 0.215799565848578
0.201490034568583 0.486047317596883
0.429832747020507 0.380449904572429
0.597548563142535 0.433136544901035
0.558819372617288 0.13522898198292
0.304993909603401 0.270993923081754
0.523248810615255 0.0466746074683355
0.484595788322625 0.309797265405573
0.271427548060865 0.67315114732174
0.179452191158307 0.274867205192007
0.478909733646475 0.273367477383636
0.151907374468169 0.0316223147102512
0.646465416061832 0.433073868742925
0.513174776817121 0.635711375256135
0.336153365122568 -0.00784004001847729
0.119233685356787 0.659908997839374
0.288085451722735 0.591396751246678
0.520711192495963 0.257504069403057
0.00219590982183506 0.015515614928156
0.632869873178697 0.149632685526334
0.337817503792758 -0.01796566134412
0.378527476748376 0.648718969944342
0.0994416962250388 0.221528525423914
0.442464598408103 0.0420021237160837
0.175499628299691 0.411813976529285
0.0825657075327563 0.0230134654562431
0.658960237264897 0.0724805866998438
0.63037454268572 0.507340028547452
0.405187093384286 0.285458043725678
0.543630084566882 0.146015138545001
0.440623735910987 0.469481450904206
0.341483246801258 0.113265497711761
0.648455851867399 0.233517671186127
-0.000139388073616855 0.741113646389209
0.661333358365739 0.0421266880910262
0.460692794354233 0.278894433547485
0.432337407997032 0.321314080733536
0.546667842284415 0.335932249717281
0.485977809293421 0.322041486593875
0.171491451629273 0.212103473392454
0.681228458604919 0.040002240020969
0.172198882075631 0.190892050730907
0.458699990786185 0.338921771816177
0.227926997849124 0.17214685029557
0.0732544667817643 0.619139662455201
0.117692008111777 0.307239374255419
0.00516450707481897 0.0968119371727111
0.268430255867746 0.44416417006508
0.0671450978672399 0.658731796207288
0.620478610429385 0.533047711102906
0.160930549507077 0.562223592849526
0.280604001770728 0.203899089337526
0.306312928396483 0.561260849597022
0.534772979081359 0.674685789573287
0.375882347054318 0.477373767467658
0.0443105027110881 0.367305450075915
0.583567474150702 0.296787471008213
0.156920956486585 0.546415027986233
0.437567342544747 0.012995890554229
0.0196366000014078 0.0623641527427638
0.468281611697719 0.194506797648703
0.501973784912887 0.668722895977096
0.277202603610961 0.255306705754922
0.515934952608006 0.114340211636961
0.19655139464943 0.588944897451188
0.620666948820135 0.474212700305333
0.293770566330432 0.19458504256464
0.361371460932155 0.221358163131139
0.0828132536311437 0.00520724332333081
0.650894310520627 0.758505653766297
0.492413962804492 0.424145755568896
0.603728796909445 0.45071109932227
0.0559735793613648 0.129419827198636
0.181011246846103 0.438438063795135
0.15980245552603 0.422255249534596
0.0675533802170491 0.703119327016596
0.594083571439852 0.134824092757315
0.382442390013405 0.278720660722745
-0.0004883132715387 0.0189087513106212
0.202358666039626 0.750380905212939
0.124096911005185 0.202891995238805
0.271194478490561 0.439246006833606
0.356799928430322 0.585288113513276
0.208498069302765 0.136685185052553
0.161824172693016 0.537873123016898
0.182838484762446 0.463466153965303
0.0180840498240509 0.0957349827005204
0.0188698978938232 0.271011968444541
0.173765919960619 0.0684489154165892
0.386102047402131 0.192971515731582
0.297108017476283 0.597581161298507
0.583471848243796 0.657304835510462
0.361148157025741 -0.0219565249406806
0.444744275257928 0.425852495721333
0.494756371221211 0.703418397579883
0.582683397147822 0.0763843691409797
-4.14697017740071e-05 0.535504111829077
0.0576662881882057 0.127509772053122
0.41813228678412 -0.029995131799719
0.344363288553755 0.70571567786859
0.683915973417525 0.011683552127104
0.606521632927457 0.56068680393985
0.362326702662352 0.264284206378245
0.436469514559123 0.277878223641833
0.461213912702894 0.185372313132001
0.459124087757317 0.374988318528179
0.157265408550111 0.181221758131568
0.0316078262571435 0.566323132612076
0.568128604666573 0.0455910552045055
0.070563532835961 0.050595108996679
0.0726561123892565 0.277400622645678
0.150395572592026 0.414554137255285
0.440570486737969 0.684634371619643
0.577437538156167 0.183437271336227
0.249974424598017 0.180334139898676
0.16553631920991 0.384192489762124
0.0652725405298383 0.600368403853433
0.158178183945633 0.606728658773203
0.238595201271943 0.509601020600479
0.28256500643005 0.202707987383209
0.583864305121545 0.641298728101575
0.35588514712798 0.470266391171686
0.627584314790468 0.413685027341232
0.136881761246229 -0.0337468205831594
0.432474355321385 0.748748407486653
0.375221999109483 0.108904769823931
0.483798544347833 0.562415671712225
0.432948327872554 0.475978000963298
-0.0030476008071436 0.0606869881540939
0.406138513353157 0.580604818229661
0.0589103495923492 0.147943962302863
0.655585180750435 0.127346601036455
0.0587517109858024 0.489372411271332
0.564224294380689 0.714554462470287
0.586996995449609 0.579539521624401
0.319331007516388 0.331203106899769
0.350556611105165 0.405546530176303
0.512584885342364 0.0828749061146738
0.058582669316731 0.233984448819395
0.345379442543831 0.589361635756403
0.388766062805078 0.0665153804225379
0.314570778220652 0.430691534115043
0.663515451243727 0.74837907065232
0.60845406299119 0.29038856116647
0.491414010116571 0.303381492780865
0.103986215486669 0.173671232135736
0.531820951562396 0.454213430931096
0.541561616503493 0.282566210124379
0.167937904590509 0.416015629969925
0.233749647365058 0.713295436504847
0.155796568196853 -0.0184932505256142
0.0272545982665523 0.544737157131963
0.176279535261786 0.359602955989198
0.611752939271461 0.0619823325065134
0.0340412832135281 0.353933000792341
0.172624409371271 0.0602344738036538
0.378128422786537 0.321426751183578
0.49972134193493 0.257644264746739
